-2146732347
-2146528530
-2146514793
-2146463561
-2146350997
-2145620444
-2145426480
-2144780726
-2142829497
-2142786553
-2140916170
-2140799543
-2140642211
-2140584898
-2140297605
-2139886811
-2139719850
-2139575056
-2138758381
-2138571447
-2138265083
-2136657281
-2134795617
-2134644845
-2134365714
-2134168767
-2134030049
-2133045285
-2132644940
-2131721570
-2130514579
-2129493325
-2128761954
-2128018142
-2127097485
-2126219831
-2125348984
-2125234378
-2125177506
-2123843420
-2123710780
-2123252386
-2122995698
-2122236589
-2120757533
-2119924928
-2119105812
-2118749457
-2117451392
-2117424504
-2113945910
-2113679561
-2113520102
-2113165220
-2112543759
-2112493916
-2112431743
-2111723081
-2110495945
-2110261465
-2110006182
-2109549706
-2109395645
-2108644769
-2108145721
-2108112443
-2108061153
-2107963463
-2106375451
-2106362814
-2106326282
-2105723001
-2105267937
-2105019941
-2103934071
-2103194716
-2102759327
-2102543001
-2102260030
-2102097092
-2101988726
-2101966753
-2101884297
-2100875424
-2099238701
-2098745031
-2097175618
-2096885656
-2096173785
-2095471933
-2095153574
-2094509427
-2093729409
-2092535210
-2091287596
-2091269633
-2089443959
-2088736134
-2088436884
-2088273211
-2087967323
-2086447133
-2086016734
-2085912411
-2085452478
-2085327570
-2084924925
-2084775508
-2084727359
-2084428500
-2084179376
-2083311755
-2082928033
-2082742773
-2082350046
-2081954332
-2081757054
-2081601644
-2081408742
-2081188590
-2081081200
-2080857778
-2080667122
-2079748101
-2079574635
-2078992625
-2078913105
-2078113795
-2077481718
-2077454691
-2077107030
-2077006775
-2076332625
-2076226426
-2073930657
-2073580832
-2073245199
-2073101206
-2071340203
-2071155905
-2070749274
-2070642555
-2070444710
-2069400650
-2069245397
-2068375278
-2068071900
-2067986233
-2066102307
-2065527481
-2065157619
-2064902589
-2064598151
-2064465967
-2064309130
-2064215290
-2063759679
-2063585727
-2063335152
-2062942268
-2062396056
-2061895507
-2061020019
-2060869396
-2060835750
-2060709044
-2059976259
-2059653754
-2057639713
-2057361437
-2057036962
-2056352643
-2055633981
-2055489125
-2055321723
-2054541707
-2053598336
-2053233761
-2052625764
-2052538574
-2052299377
-2051971890
-2051895132
-2051787752
-2050562305
-2050155294
-2050102990
-2048968955
-2048222657
-2048118104
-2047271805
-2046900552
-2046601598
-2046148731
-2045530013
-2044661546
-2044273169
-2044023330
-2043698179
-2041720437
-2041618450
-2040610373
-2039744884
-2039564394
-2039225121
-2038685041
-2038294953
-2037619699
-2037254991
-2037123750
-2035851321
-2035183713
-2034818687
-2034787534
-2034413454
-2034374171
-2033634672
-2033257058
-2032512190
-2032317955
-2032304272
-2032302145
-2031436300
-2030933292
-2030563630
-2030178743
-2029537690
-2024910271
-2023494013
-2022107414
-2021772087
-2020046208
-2019347048
-2017838034
-2017697074
-2017477393
-2017313618
-2016191780
-2016117708
-2013814757
-2012969307
-2012861143
-2012344566
-2012311985
-2011784060
-2011560893
-2010749504
-2008793074
-2008574202
-2006725472
-2006428357
-2005535085
-2004597043
-2004558355
-2003086281
-2003002581
-2000730737
-2000567968
-2000096523
-2000073485
-1999631462
-1999505534
-1999277195
-1998640087
-1998543686
-1998483775
-1997108896
-1996535057
-1996217009
-1994682590
-1992971890
-1992533862
-1992462005
-1992096218
-1991445229
-1991380312
-1990921461
-1990535130
-1990494929
-1989846915
-1989034615
-1988676063
-1988388491
-1986857988
-1986205814
-1986189573
-1985890096
-1985645520
-1985006548
-1985000318
-1984380202
-1984069362
-1983545372
-1983515635
-1982895571
-1982085273
-1980126327
-1979948163
-1977094505
-1976375295
-1975783426
-1975612919
-1975395007
-1974700034
-1974604263
-1973461045
-1972766601
-1972703692
-1970976284
-1970642613
-1970075068
-1969824020
-1969460319
-1968323210
-1967855369
-1966925275
-1966713151
-1965884242
-1965497606
-1965078478
-1964902793
-1964696569
-1964479888
-1964396282
-1964009919
-1963909994
-1963747200
-1963332204
-1962769650
-1962418286
-1962377479
-1961424487
-1961122199
-1960754752
-1960623055
-1960386600
-1960097052
-1959631128
-1959573042
-1958242904
-1956303679
-1956148078
-1956129629
-1955998457
-1955173160
-1953674129
-1953664963
-1953653119
-1953624495
-1952371624
-1952120292
-1951490697
-1951112378
-1951031143
-1950899077
-1950560730
-1950531326
-1950215172
-1948590519
-1948555897
-1947676762
-1946882484
-1946211258
-1945969630
-1945870798
-1944751204
-1944654320
-1944214879
-1944193173
-1943882943
-1943391645
-1943367984
-1942671415
-1942504859
-1942476916
-1942062580
-1940399521
-1940371278
-1939993760
-1939437047
-1938944015
-1938649501
-1937920598
-1937909504
-1937004758
-1936918112
-1936773749
-1936577525
-1935701987
-1934874903
-1934760275
-1934448292
-1934082953
-1933225463
-1932985170
-1932659062
-1930943435
-1930042889
-1929310726
-1927856387
-1927430122
-1927226970
-1926167693
-1926085434
-1924272974
-1924047958
-1923731408
-1923332537
-1923203936
-1922949235
-1922791952
-1922727448
-1922440017
-1922320377
-1918633622
-1917984615
-1917955060
-1917120229
-1916335439
-1911486016
-1911263110
-1909751337
-1909637765
-1908180213
-1907169105
-1906647257
-1904021589
-1902779821
-1902390645
-1901495339
-1901467349
-1901288336
-1901070599
-1900548398
-1899986228
-1899729215
-1899479574
-1898890776
-1898327988
-1898010569
-1897869217
-1897584687
-1896705175
-1896475241
-1895280680
-1894474537
-1893851398
-1893564563
-1893294572
-1892486970
-1891984394
-1891431423
-1891077012
-1890139238
-1890038756
-1889575046
-1888405301
-1888151625
-1887182881
-1886540690
-1884727642
-1884717102
-1884486031
-1884367377
-1884168547
-1883795873
-1883766138
-1883680476
-1882688823
-1882622543
-1882203173
-1882111296
-1881915627
-1881402572
-1879746032
-1879601712
-1877784094
-1877005619
-1876179482
-1873981396
-1873558479
-1872819901
-1872312434
-1872220828
-1872038078
-1871791872
-1871438871
-1870765109
-1870705033
-1870035303
-1869900157
-1868804805
-1868665072
-1868325300
-1868257297
-1868008661
-1866729704
-1864562437
-1863827636
-1863136044
-1862893955
-1862708227
-1862554695
-1862487508
-1862130676
-1861890266
-1861357631
-1860601377
-1859185525
-1859066211
-1857238948
-1857115827
-1856974852
-1856883486
-1856397654
-1855795732
-1855376133
-1855276655
-1855213526
-1855175572
-1855114471
-1854320755
-1854042663
-1852310332
-1852016211
-1851928279
-1851814414
-1851599782
-1851180264
-1849275328
-1848763698
-1847774095
-1847525178
-1846942543
-1846917679
-1846029934
-1845977225
-1845740837
-1845735360
-1845083011
-1843766352
-1843229517
-1842773534
-1842712879
-1842581240
-1842204510
-1841877753
-1841040271
-1839690846
-1839310526
-1839283431
-1838791996
-1838646791
-1838391828
-1838099053
-1837795952
-1837485681
-1837408780
-1836209292
-1835319462
-1834213151
-1833736622
-1833608273
-1833133662
-1832888373
-1832732909
-1832612607
-1831787533
-1830861094
-1830757034
-1830484505
-1830079938
-1828594405
-1828055769
-1827641580
-1826858548
-1825892861
-1825892567
-1825407444
-1824690745
-1824239677
-1824125154
-1823950458
-1823309953
-1823198266
-1823197439
-1822871843
-1822839947
-1822551109
-1822450336
-1821587065
-1820970720
-1820761387
-1819889831
-1819673982
-1819666468
-1819349320
-1816619047
-1816360322
-1816050719
-1815296801
-1814948040
-1813933834
-1812634990
-1810909172
-1810871343
-1810325021
-1809807887
-1809078417
-1808929460
-1808545969
-1807871261
-1807144500
-1806290241
-1805730150
-1804816974
-1803591027
-1802921267
-1802393590
-1800867922
-1799776318
-1799460827
-1799302629
-1798888103
-1796891489
-1796617444
-1796300353
-1796228229
-1796169542
-1793778065
-1792221839
-1791831202
-1791716834
-1790133857
-1789382295
-1789046438
-1788515626
-1788172945
-1787975941
-1787877154
-1787616165
-1787378635
-1787361932
-1786856653
-1786831412
-1786128750
-1785950628
-1785521776
-1785194959
-1784325522
-1784093115
-1783299360
-1783218049
-1783064266
-1782972389
-1781592177
-1781010387
-1780727463
-1780622742
-1779759663
-1779522652
-1779401082
-1778787361
-1777938244
-1777757022
-1777508880
-1776530661
-1776250394
-1775836916
-1775549341
-1775501568
-1774871147
-1774572311
-1774348806
-1772725160
-1772534872
-1771461084
-1771311964
-1770979409
-1770934320
-1770679949
-1770152271
-1769423484
-1769282228
-1769151845
-1768844356
-1768439531
-1768069039
-1767065168
-1766940063
-1766621480
-1766109026
-1764452044
-1764408392
-1764185396
-1763742282
-1763675008
-1763641486
-1762489762
-1761029670
-1760392685
-1760098397
-1760081855
-1759657507
-1759138597
-1758227645
-1757487769
-1756361039
-1755713217
-1755570801
-1755308461
-1754979292
-1753933326
-1753927318
-1753897484
-1753763951
-1753016215
-1752229550
-1752109807
-1751930344
-1750937720
-1750827841
-1750715091
-1750542595
-1750463810
-1750033898
-1749879101
-1749857352
-1748077031
-1747772321
-1747522378
-1746537983
-1744256889
-1744206565
-1744041913
-1743768323
-1742852703
-1742430559
-1742261660
-1741733671
-1741651260
-1741246721
-1740748480
-1740458431
-1740159992
-1739802169
-1739340294
-1738757202
-1738165459
-1738120921
-1737971831
-1737517848
-1737309448
-1737111128
-1736975970
-1735823826
-1734422978
-1734083201
-1733940666
-1733734232
-1732113949
-1730616899
-1728053955
-1727907811
-1727650545
-1726763883
-1725447136
-1724916851
-1723242184
-1722924110
-1722402992
-1721681270
-1721316332
-1721087845
-1720733413
-1719754312
-1719569675
-1718409082
-1718333763
-1717858187
-1717705359
-1717666997
-1717189110
-1717161905
-1716920969
-1716048067
-1715358521
-1715246838
-1714369141
-1713770067
-1713652268
-1712995029
-1712185815
-1712010793
-1711029773
-1710604819
-1709804064
-1709762918
-1709511069
-1708881215
-1708753000
-1708433942
-1708383661
-1708237714
-1707301505
-1706358538
-1706048047
-1705179279
-1702994395
-1702471521
-1702413660
-1701617073
-1701433342
-1699946834
-1699610023
-1699516079
-1698991347
-1698911186
-1697152940
-1696804843
-1694046967
-1692352937
-1692028086
-1691891270
-1691884480
-1690941305
-1690774802
-1690734097
-1689857777
-1689591445
-1688872445
-1688843607
-1688791289
-1688774615
-1687772133
-1687544103
-1686553342
-1686153511
-1684486919
-1684485120
-1683707133
-1683361540
-1682899966
-1682331656
-1680618212
-1679841569
-1679548604
-1679137384
-1676650102
-1675943137
-1675434757
-1675118552
-1675113575
-1674731537
-1673511972
-1672755179
-1672388766
-1671615841
-1671507045
-1671255359
-1671169256
-1671036224
-1671028122
-1670863257
-1670352706
-1670259468
-1670122198
-1670088957
-1669994520
-1669897042
-1669237338
-1668877398
-1668774053
-1668454800
-1667979518
-1667636975
-1667328793
-1664419594
-1664142556
-1662713168
-1660236968
-1660094539
-1658792648
-1657436097
-1657245417
-1657000952
-1656779565
-1656707129
-1656621644
-1656443195
-1655206354
-1653915177
-1653384948
-1652949494
-1652597105
-1650812471
-1650768339
-1650423197
-1649152563
-1648409519
-1648275465
-1648224478
-1647781066
-1647656342
-1646321416
-1644780706
-1644040072
-1643750251
-1643233395
-1642742245
-1641989968
-1641644049
-1641275001
-1639563499
-1639482113
-1638442664
-1637937300
-1637202242
-1637180335
-1636941328
-1636592316
-1635976085
-1635119256
-1634543484
-1632130412
-1631101017
-1629621124
-1629200277
-1628897549
-1627667013
-1627577958
-1627411899
-1627389001
-1627087469
-1627050754
-1626958275
-1625559770
-1624737823
-1624713177
-1622686909
-1621857657
-1621133292
-1619803593
-1618893779
-1618560189
-1617672229
-1617284979
-1616589683
-1616188359
-1615578696
-1615032449
-1611953280
-1611405416
-1611004138
-1610185372
-1609974656
-1609366782
-1607628474
-1607511547
-1606008569
-1605989333
-1605640011
-1605566195
-1605440032
-1604602170
-1604135130
-1604018669
-1601986548
-1600278313
-1600163761
-1600069193
-1599713939
-1599427292
-1598791448
-1598203298
-1597407143
-1597068392
-1596367034
-1596312782
-1595530218
-1593843681
-1593591061
-1593017994
-1592798899
-1592531630
-1592083999
-1591552647
-1591502412
-1591303218
-1591245030
-1591217741
-1591101116
-1590007008
-1587861130
-1587802667
-1587089063
-1586190827
-1585282677
-1585072192
-1584422657
-1583388853
-1582715924
-1582703545
-1582572636
-1582440702
-1579329845
-1578310241
-1578191522
-1577784011
-1577575660
-1576000325
-1575668582
-1575391781
-1575093147
-1574950595
-1573358704
-1573015597
-1572984764
-1572851054
-1572844373
-1571710338
-1571440348
-1570706638
-1569969051
-1569489973
-1569229752
-1569045638
-1568720104
-1568363373
-1568013533
-1567687942
-1566166967
-1565744405
-1564922307
-1564765238
-1564642692
-1564195707
-1563370390
-1563282592
-1562741011
-1561762452
-1561718117
-1561345515
-1558480538
-1558431754
-1557655985
-1557296562
-1556928355
-1556792778
-1556751375
-1556472585
-1556177586
-1555107455
-1555080389
-1554799440
-1554555365
-1554176478
-1553732671
-1551605003
-1548482323
-1548315188
-1547536615
-1545967783
-1545956785
-1545707906
-1545543273
-1544484986
-1544160969
-1543978606
-1543458924
-1543111196
-1542225523
-1541755384
-1541482158
-1541274051
-1541188052
-1539449911
-1538273188
-1538208044
-1536597483
-1535641594
-1534345304
-1533897406
-1532508967
-1532221205
-1532208485
-1532088663
-1531407437
-1531204511
-1530854856
-1530812784
-1530537002
-1530102263
-1529607033
-1528037898
-1528017199
-1528002536
-1527858492
-1527193724
-1526020195
-1525581256
-1525389900
-1525138253
-1523721186
-1523719327
-1522727869
-1522304137
-1521984344
-1521690412
-1521063216
-1520481070
-1520021073
-1519963665
-1519947549
-1519584556
-1519329175
-1519050616
-1518172427
-1517844738
-1517136630
-1516896123
-1516523207
-1515940867
-1515743996
-1515396189
-1515234497
-1514251837
-1513813675
-1513587390
-1513576252
-1511363364
-1509979980
-1509797446
-1509466054
-1508584339
-1507942847
-1506824534
-1506428860
-1506342278
-1506236163
-1506010156
-1505229150
-1503535655
-1503387236
-1503208428
-1502833169
-1502534972
-1502459077
-1501650355
-1501574377
-1501408557
-1500715360
-1499895198
-1499804792
-1499215449
-1499146999
-1499126659
-1498724366
-1497011682
-1493344113
-1493171686
-1492237825
-1492222872
-1492221633
-1491923806
-1488789626
-1488744515
-1488456137
-1488133853
-1487695469
-1486742263
-1486709067
-1486225867
-1486126270
-1485618787
-1484811208
-1483711604
-1483572182
-1483164160
-1482200767
-1481882595
-1481201613
-1479498370
-1478116497
-1477455516
-1477359849
-1477233316
-1476872336
-1476852075
-1476700900
-1474717621
-1474705334
-1474485694
-1474240396
-1473789993
-1473728144
-1472435876
-1471755985
-1471583960
-1470533476
-1468565727
-1468362077
-1468245760
-1467624644
-1465849505
-1465741763
-1464809336
-1464432295
-1464113361
-1463867716
-1463401009
-1462586911
-1460295118
-1459822853
-1459472766
-1459442148
-1459263075
-1459021018
-1458118239
-1457989702
-1456789576
-1456606740
-1456540190
-1455766480
-1455174004
-1454865368
-1454545941
-1454243319
-1454159819
-1454059575
-1452410491
-1452176541
-1451947477
-1451480776
-1450885818
-1450552526
-1450113447
-1449612095
-1449527442
-1449275166
-1448751450
-1447970908
-1447759478
-1447654685
-1447593029
-1447513375
-1447107854
-1447049836
-1446848991
-1446297305
-1445989052
-1445576629
-1445486053
-1445083332
-1444620488
-1444379038
-1443824968
-1443824903
-1443124358
-1442441397
-1441911822
-1441328205
-1441168055
-1440805224
-1440218709
-1440175839
-1440097179
-1439652862
-1439557672
-1439094087
-1438284850
-1438076231
-1438050066
-1437602562
-1436658932
-1436454557
-1436453450
-1435962668
-1434656391
-1433898063
-1433847153
-1433674578
-1432134905
-1431478159
-1431441315
-1431427358
-1431192562
-1430127661
-1429674224
-1429612546
-1429426793
-1429267228
-1428119180
-1427704217
-1427388921
-1426966755
-1426594164
-1426354897
-1424965862
-1424345743
-1423591144
-1423060382
-1422853932
-1422343583
-1422198123
-1421666828
-1421169280
-1420752191
-1420322752
-1417684318
-1417635875
-1417105749
-1417099396
-1416976023
-1416844243
-1414021713
-1413096729
-1412485238
-1411895730
-1411712459
-1411413293
-1411242553
-1409746306
-1409594451
-1409551628
-1409143699
-1408940718
-1408847509
-1408469615
-1408098632
-1407267509
-1407029497
-1405735275
-1405250424
-1405228702
-1404417204
-1403417699
-1403401030
-1402833158
-1401285931
-1400900690
-1400600978
-1400598681
-1400210399
-1400181176
-1399156112
-1398930062
-1398625763
-1398384566
-1397795546
-1397733086
-1396838006
-1396819366
-1396663751
-1396465798
-1394727404
-1393958621
-1393344154
-1393271747
-1392444211
-1392145092
-1391829195
-1390885824
-1390790063
-1390347573
-1390086539
-1389699042
-1388580272
-1388286937
-1387609797
-1387502864
-1386953374
-1386366568
-1385666558
-1385426768
-1385100427
-1385061795
-1383241335
-1382661135
-1382389285
-1382299458
-1382188386
-1381244483
-1381014922
-1381001878
-1379886408
-1379622726
-1379313015
-1378687583
-1378176623
-1378146426
-1377608551
-1376797787
-1376684660
-1375877979
-1375747837
-1375615440
-1374599221
-1374422264
-1373061493
-1372877916
-1372296940
-1372161898
-1372027906
-1371943902
-1371189624
-1371003946
-1370380137
-1368776517
-1367884559
-1367866101
-1367218062
-1366836038
-1366381183
-1366328737
-1366312406
-1366304096
-1366282717
-1365866086
-1365637151
-1365438508
-1363488316
-1362557236
-1360260161
-1359925239
-1359713145
-1359653932
-1359652655
-1359545414
-1359109594
-1358412428
-1356518749
-1355650620
-1355150680
-1354329475
-1354021769
-1352027203
-1351902937
-1351495917
-1351467154
-1351384511
-1350833555
-1350212295
-1349885850
-1349446359
-1348552032
-1347932335
-1347257407
-1347111933
-1346962206
-1346256261
-1345007265
-1344561201
-1343671929
-1343462424
-1343444703
-1343007789
-1342654255
-1342241049
-1341122489
-1340689368
-1340495645
-1340099845
-1340098369
-1340015192
-1339942589
-1339922723
-1339116108
-1338451188
-1337211684
-1337069571
-1337027774
-1336909887
-1336817048
-1336130103
-1336063325
-1334888944
-1334678453
-1334347965
-1334125759
-1333523894
-1333054280
-1332890741
-1332615410
-1332249586
-1332230242
-1331675157
-1331327039
-1331218161
-1330227839
-1329961336
-1329774781
-1329688816
-1328599057
-1327969996
-1327485342
-1327306597
-1326886356
-1326748943
-1326378072
-1325787111
-1325499647
-1325495140
-1324387524
-1324385565
-1324274837
-1323801295
-1323445874
-1322859669
-1322531544
-1321091066
-1320913096
-1320252584
-1320233614
-1319751200
-1319648110
-1317909644
-1317700216
-1316425168
-1315448219
-1314715281
-1314673387
-1313753993
-1313558816
-1313525490
-1313404098
-1313016163
-1312977454
-1312337580
-1312197671
-1311841737
-1311353910
-1310896331
-1309231027
-1309072220
-1308980299
-1308950881
-1308806015
-1308485478
-1307818616
-1307613791
-1307155487
-1306572509
-1305420294
-1304627043
-1303508994
-1303420476
-1303302351
-1302481604
-1302396632
-1302273046
-1301875234
-1301550023
-1300956954
-1299720894
-1299415053
-1299292882
-1298919117
-1298482200
-1298051515
-1297073148
-1295874664
-1295716729
-1295510271
-1295299144
-1295247577
-1294201675
-1294054254
-1293872009
-1293230423
-1292332223
-1291565176
-1290695686
-1289191682
-1288782715
-1288180841
-1287885688
-1287687932
-1287064556
-1286972125
-1286797475
-1285674589
-1285603753
-1285010905
-1284872977
-1284779088
-1284750811
-1284004498
-1283902699
-1283858642
-1282923672
-1282519260
-1282178020
-1281265675
-1280624521
-1277746030
-1276660571
-1274369797
-1273658106
-1272873825
-1272822516
-1272613192
-1272293374
-1272030972
-1271178311
-1271155557
-1270579519
-1268981875
-1268846372
-1268324552
-1266129970
-1265512610
-1265477374
-1265150216
-1264896829
-1263040292
-1262874742
-1262483377
-1262339704
-1261453292
-1261417329
-1260884167
-1260314861
-1260289083
-1259752962
-1259745624
-1258741220
-1258597020
-1258441280
-1258314042
-1255633130
-1255582630
-1254623609
-1252981136
-1252791684
-1252559491
-1252461817
-1252385603
-1251247946
-1250793135
-1250347340
-1250324071
-1250144001
-1249735595
-1249454843
-1249042078
-1248824726
-1248477289
-1248321700
-1248224589
-1247455155
-1246933045
-1245736259
-1245548236
-1245064864
-1244794894
-1244736528
-1244322649
-1243025125
-1243004212
-1242087531
-1240975593
-1240757040
-1239052094
-1238448524
-1237745411
-1236809795
-1236519535
-1235826203
-1234479125
-1234473175
-1234103624
-1233181435
-1232744346
-1232262013
-1231906508
-1227914724
-1227393002
-1227145709
-1227135806
-1226789310
-1225028894
-1224701534
-1224521395
-1224423702
-1224236257
-1223804719
-1222821115
-1222640459
-1222038476
-1221151943
-1220634857
-1220084858
-1220065301
-1219762838
-1219025695
-1218761831
-1218153112
-1217789967
-1217646726
-1217430046
-1217264933
-1216133043
-1215013998
-1212270450
-1211866694
-1211420088
-1210935809
-1210656522
-1210514475
-1210005929
-1209968791
-1209943563
-1209762003
-1209720689
-1209284127
-1208573733
-1208196590
-1207934220
-1207785701
-1207261678
-1207030927
-1206930855
-1206805813
-1206375097
-1203939275
-1203820761
-1201798504
-1201070047
-1200946791
-1200939772
-1200339993
-1200156727
-1198941502
-1197419050
-1195882738
-1195110859
-1194872654
-1194083787
-1193469424
-1192780524
-1191840741
-1190467396
-1189837528
-1187619273
-1187533528
-1186501128
-1186193134
-1185747090
-1184933185
-1184346014
-1183995890
-1183988748
-1183607158
-1183395888
-1182961584
-1182859215
-1182825548
-1182008110
-1181845395
-1181267543
-1179984450
-1179719504
-1179165306
-1179098107
-1178828256
-1177827882
-1177680760
-1176277509
-1175648786
-1175560584
-1175191258
-1175103013
-1174905076
-1174663851
-1173929497
-1173814171
-1173592243
-1173466216
-1173345519
-1172679189
-1172564550
-1171428312
-1171182033
-1170929337
-1169972444
-1168580185
-1167035911
-1166978872
-1166794754
-1166349883
-1166098674
-1165925586
-1165349577
-1164221087
-1164046159
-1163399953
-1163042683
-1162704950
-1161987407
-1161956862
-1159800910
-1159025161
-1158531669
-1157564283
-1157252862
-1157067505
-1156211592
-1155389570
-1153957611
-1152851062
-1152802960
-1152124570
-1151635762
-1148756027
-1148378742
-1148082233
-1147088142
-1144876780
-1143842173
-1142375567
-1142351992
-1142223406
-1141635207
-1141560813
-1140965601
-1140901109
-1139638236
-1139192010
-1138966567
-1138920744
-1137327523
-1135384899
-1135045720
-1134679291
-1134358530
-1134065951
-1133756685
-1133659263
-1133495264
-1133367761
-1133245336
-1133145284
-1133059645
-1132872460
-1132730871
-1132383402
-1132039998
-1131894701
-1130641882
-1130204533
-1130023675
-1129158497
-1129055826
-1128934595
-1128929598
-1128703936
-1128596040
-1127952376
-1127507488
-1127410254
-1127116600
-1126935508
-1126896735
-1126684123
-1126104763
-1125958924
-1125734728
-1125597808
-1125221956
-1123045630
-1123007957
-1120974050
-1120487952
-1119983684
-1119637565
-1119387738
-1119161409
-1118625552
-1118468954
-1118343855
-1118219168
-1117958383
-1117481947
-1117383337
-1117123095
-1116545394
-1116227088
-1116089560
-1115693096
-1113932633
-1113642962
-1113531082
-1113035907
-1112710023
-1110290234
-1110247313
-1110044571
-1109973546
-1108586856
-1108272597
-1107955619
-1107696128
-1107215280
-1107116474
-1106661592
-1106441911
-1106296970
-1105962496
-1104719265
-1104523973
-1104388050
-1104327683
-1103893100
-1103115211
-1102635696
-1102603531
-1101826478
-1101777627
-1101649186
-1101095591
-1099802009
-1099638062
-1099558794
-1099346846
-1099088396
-1098937234
-1098178455
-1096489844
-1096402326
-1095867722
-1095230122
-1094967015
-1093537095
-1092941048
-1092489763
-1092295399
-1091910686
-1090586683
-1089897952
-1089755053
-1089720197
-1088996605
-1088855233
-1088771084
-1087848071
-1087497460
-1086338139
-1085710161
-1085253836
-1084286525
-1083962639
-1083726105
-1083196307
-1083147621
-1083009380
-1082693062
-1082674765
-1081622070
-1081344339
-1080844144
-1080834765
-1080819614
-1079720773
-1079707557
-1079079605
-1077811938
-1077614731
-1077486312
-1076652786
-1075970315
-1075756931
-1074341858
-1073734071
-1073370749
-1072651705
-1071925215
-1070310402
-1070308183
-1069604179
-1066824514
-1065333599
-1063185488
-1062396242
-1061889468
-1061791352
-1061589673
-1061571203
-1061156038
-1060969185
-1060621360
-1060371343
-1059786993
-1059712443
-1059710986
-1059588670
-1059175654
-1057371921
-1057113535
-1056999879
-1056208653
-1055944415
-1055900475
-1055729028
-1055400778
-1054819845
-1054386582
-1054222638
-1052978942
-1052806836
-1052693571
-1052631224
-1052281662
-1051932616
-1051921003
-1051124071
-1050637247
-1050258266
-1050209410
-1049999602
-1049601881
-1049591779
-1049190821
-1048598970
-1048542566
-1046286112
-1044436015
-1044228154
-1043356726
-1042415698
-1041807445
-1041310021
-1040741972
-1040630697
-1039889232
-1039252029
-1038870424
-1038626269
-1037451477
-1037320003
-1037033329
-1036388840
-1035871188
-1035743819
-1035612885
-1035075455
-1034917791
-1034270349
-1034230812
-1033597481
-1033233539
-1032239415
-1032206374
-1032158777
-1031960646
-1031433858
-1030992339
-1030358705
-1030143527
-1030001264
-1029516951
-1028249210
-1027975010
-1027562289
-1026890885
-1026813215
-1026562946
-1026258032
-1025331377
-1025168171
-1023487720
-1022709623
-1022028006
-1022004622
-1021742213
-1021738682
-1021293885
-1021060385
-1020826490
-1019832867
-1019553876
-1019551896
-1019230832
-1017923686
-1017868246
-1017792856
-1016722855
-1016246825
-1015811745
-1015690848
-1015094090
-1014160115
-1012955066
-1012681768
-1009144809
-1007899381
-1007897805
-1007487719
-1007299191
-1006477666
-1005533097
-1005160402
-1004934203
-1004685659
-1004600724
-1002503402
-1001821478
-1001464950
-1001372867
-1000254558
-1000066990
-1000002918
-999194416
-998738978
-998556765
-998497544
-997470050
-996743179
-996655463
-996009253
-995832000
-995041924
-993961193
-993200750
-992119963
-991943208
-991873466
-990758883
-990715301
-990562050
-989989716
-989683753
-989378706
-987724380
-987300004
-987047374
-985954336
-985761094
-985478310
-985304220
-985125532
-981796757
-980745469
-980229060
-979258422
-978469292
-978369793
-977836742
-977607845
-977592622
-976954591
-976519902
-976379807
-975435915
-975222306
-974499388
-973635798
-972836175
-972627118
-972149340
-971999831
-971917682
-971219755
-970139389
-970019535
-969561457
-968790003
-968096914
-967703254
-967153072
-966955278
-966916286
-966744171
-966712539
-966412089
-964998738
-964891539
-963522689
-963036847
-962136620
-961793447
-960924082
-959968511
-959891529
-959542110
-959459290
-959059473
-958893530
-958735160
-958574129
-957885790
-957436977
-957063115
-956992681
-955505704
-955170590
-954681780
-954589276
-953845873
-952710842
-951649426
-951332139
-951331658
-950555021
-950142041
-949646102
-949177250
-948702972
-948539015
-948528409
-947608474
-947467117
-947143452
-947072655
-945974800
-945858414
-945575764
-944870391
-944409161
-944071602
-941776257
-941171727
-940887432
-940346410
-939235916
-939136089
-938195864
-938047384
-937882672
-936712202
-936390088
-936066697
-935777989
-935345904
-935169869
-934213615
-933073221
-932891430
-932865363
-932428318
-932159533
-932015310
-931861672
-930535364
-929612309
-928428553
-928376553
-927466120
-926723115
-925874358
-925237122
-925037077
-923696575
-923422486
-923033022
-922834811
-922363860
-921697818
-920014868
-919991446
-919420114
-919346566
-918968047
-918587221
-917736237
-917693511
-917592521
-917506978
-917431580
-917388187
-917192059
-916821210
-915959621
-915619832
-914928021
-914890320
-914092515
-914048641
-913554453
-913324865
-912858804
-912838942
-911989966
-910842669
-910514693
-910258805
-910253284
-909976857
-909252535
-909238084
-908821099
-908226399
-908011007
-907788236
-907514976
-907041125
-906964528
-906939440
-906487062
-906416986
-905771091
-905463351
-905303832
-904290487
-903807532
-903802267
-902696484
-902431263
-902179005
-902059677
-901945055
-901812424
-901714103
-901131560
-900307335
-900146059
-899864540
-899803843
-899457688
-898034686
-897732758
-896911606
-894901609
-893962451
-893946406
-893193969
-892948919
-892647755
-892619338
-892463196
-892376806
-892044572
-892024124
-891700918
-891308149
-891233285
-890555690
-890217001
-889647600
-889461902
-889066743
-888861251
-888758366
-888701403
-888512740
-887897785
-887600223
-886725402
-886577985
-885069766
-884960766
-884457986
-884253350
-882930606
-882871029
-882486155
-880716714
-879691891
-879555076
-879298730
-878325212
-878033164
-877918141
-877737327
-876374166
-876374092
-875527776
-874972558
-874544836
-874129563
-873958509
-873209830
-872061180
-871998436
-871554580
-869906161
-869622394
-869291946
-868621064
-866061779
-864860233
-864800655
-863400572
-862897645
-862309646
-861427663
-860807188
-860461820
-860391068
-860365227
-860327587
-859525816
-859470013
-857921423
-857838282
-857725048
-857264340
-857082712
-856931436
-854790732
-854730675
-854717879
-854399245
-853629924
-853172138
-852880372
-852824535
-852484197
-852445323
-851648873
-851041823
-850464148
-850370097
-849730373
-849531323
-848932183
-847358313
-847287216
-847095238
-846522456
-846342754
-845817789
-845741079
-845623665
-845266442
-844916563
-844629251
-844036944
-843113887
-841881269
-841341073
-841292078
-841249014
-840982376
-840390147
-839593198
-838976822
-837412002
-836922246
-836397483
-836256538
-835240000
-835018800
-833969020
-833645380
-833307472
-833000558
-832587923
-832417823
-832142312
-832037679
-831865855
-830145153
-829952925
-829691749
-829373624
-828850153
-828783499
-827479354
-827169729
-826850328
-825520377
-824175462
-823552014
-823285887
-822948736
-822881921
-822472784
-821276739
-820432306
-819941902
-819495543
-818696845
-818433408
-817637599
-817479211
-816972915
-816869445
-816281539
-815125008
-814631767
-814624236
-813166885
-812195986
-812157711
-811899954
-811751359
-811380226
-811295448
-809427007
-809016671
-806128413
-805263231
-804951176
-803581147
-803500643
-803300293
-803259208
-803160206
-802349395
-801573619
-801556714
-801380819
-799665348
-799203551
-799201584
-798828685
-798509113
-798121623
-797586559
-797570230
-797007531
-796077233
-795528405
-795134969
-794777811
-793420857
-790841239
-790348470
-790255745
-790200267
-789864246
-789493802
-788746894
-787706311
-787621062
-786946207
-786642294
-785625197
-785619481
-785195267
-785128934
-784952603
-784698200
-784193958
-783863104
-783753142
-783694626
-782774776
-782480500
-782080865
-781665906
-781662164
-781405062
-781370368
-781085583
-780921809
-779937737
-779798797
-779472292
-779132338
-778945400
-778797792
-778621736
-777113999
-776980490
-776954341
-776758885
-776674729
-775580047
-775491802
-775472603
-774439633
-774328477
-773651411
-773602602
-773357576
-771176842
-770918749
-769632906
-768095062
-767883261
-767265238
-766557740
-766519956
-765524113
-765198557
-764794858
-764564767
-764086531
-763896309
-763837569
-763726124
-763400714
-761487724
-761468930
-760690682
-760593059
-760222169
-760098376
-760072160
-758413514
-758113260
-757659584
-757546080
-756912248
-756586678
-755631444
-755564613
-753362642
-753284753
-751725088
-751116703
-750382666
-750187245
-750058300
-749673987
-749500540
-749412973
-749183717
-748956537
-748577248
-748482697
-748371646
-748339634
-747818721
-747736777
-747293308
-747113638
-746968488
-745961430
-744687547
-742594038
-742491712
-740880052
-740847665
-740227781
-739825257
-739021735
-738656335
-738063233
-737644355
-736985915
-736898104
-736661604
-735703896
-735301967
-734290454
-731359340
-731101632
-730746444
-730583894
-729957959
-728174047
-727932848
-727932425
-727085358
-726785036
-726666087
-726269634
-724804488
-724748862
-724616992
-724316164
-723864075
-723829164
-723755582
-723491518
-723455770
-723087177
-722924306
-721753505
-721634131
-721250474
-720375677
-720103035
-719503183
-719087750
-718876767
-718722165
-717318470
-717315876
-716220719
-715399213
-714476314
-713699147
-712078590
-711644493
-710527377
-710424027
-708797653
-708665525
-708217230
-708111566
-707520020
-707392187
-707125197
-707001302
-704557921
-703573190
-703356931
-703003517
-701829656
-701613639
-700830150
-700749272
-699725287
-699186252
-697400020
-695825430
-695177815
-694747605
-693449930
-693118445
-692829537
-692347501
-691916551
-691752736
-691062618
-690620661
-690344998
-690301673
-690185401
-689670371
-689041346
-688958468
-687445140
-687173230
-687049125
-686142441
-685919927
-685749810
-685675941
-685023248
-684641157
-684375695
-683882090
-683577003
-683432017
-683135505
-682817457
-682035935
-682008483
-681381723
-681329589
-681122174
-680801481
-680678404
-679883390
-678941785
-678899115
-678844161
-678672561
-678609995
-677887169
-676888558
-676803384
-676790555
-675852031
-675479101
-675443416
-675017478
-673860094
-673366087
-673085355
-672444849
-671920822
-669518881
-669361757
-668460816
-668142414
-668100058
-667933512
-667332150
-666268865
-666028971
-665146631
-665017069
-664794280
-664552780
-664264060
-664234363
-664036924
-663256797
-663083094
-662954646
-662758221
-662143313
-662113088
-661594129
-661411283
-661392636
-661168195
-660092124
-658929799
-657851977
-657413916
-657094394
-656807630
-656216541
-655398103
-655378547
-654483679
-652880405
-652847040
-652452816
-652158979
-651790654
-651757392
-651332321
-650818247
-650362252
-650129686
-648855582
-647847506
-645437730
-644907777
-644303009
-643282736
-643069412
-642554749
-642179112
-642114347
-641856597
-641399143
-641370033
-640912481
-639791105
-639198066
-638374955
-638131142
-637881771
-637653915
-637267165
-636393198
-635350141
-635236408
-635057388
-634744456
-634236253
-633939677
-633639541
-632439440
-631512034
-631344473
-630802210
-630278595
-629769361
-629672821
-629272124
-629000121
-627849045
-627341260
-627283592
-626805723
-626652318
-626312411
-625794745
-625582427
-625379331
-624970994
-624917447
-623455591
-623358265
-622381156
-622194801
-621747107
-620746362
-619644926
-619625795
-619528683
-618914558
-618546479
-618221534
-616252970
-615852690
-615725420
-615361267
-614912218
-614797972
-614554493
-614265535
-613367756
-613046639
-612410236
-612000944
-611448491
-609202874
-609088419
-608861340
-608308279
-607282494
-607017572
-606953162
-606593283
-606591455
-605440012
-605152331
-604723285
-603150333
-602847052
-602141134
-602020773
-601980987
-601817864
-601005964
-600747209
-600665853
-600391584
-600302109
-600213725
-599604276
-599371357
-599333305
-598393778
-597324963
-597199194
-596114870
-595545091
-595436993
-594801122
-594341328
-593873062
-593820141
-593614125
-592445322
-589965488
-589615607
-589015627
-588146598
-587427605
-587422984
-587291090
-586249103
-586044997
-586016383
-585771397
-585411278
-585163116
-584969547
-584451102
-584074197
-582798444
-581771154
-580908054
-580693651
-580601865
-579516196
-579026277
-578616914
-576967281
-576428288
-575528994
-575476516
-575273751
-574986896
-574456729
-574332251
-574009318
-573705720
-573540009
-572069602
-572065335
-571956023
-571813401
-571714521
-571625274
-570517910
-569965028
-569955430
-568576880
-568422179
-566994315
-566759982
-564260895
-564200719
-564160774
-563412373
-562980141
-562972313
-562939479
-562831875
-562617948
-562534445
-562353337
-561597913
-561401559
-561149517
-560952388
-559802051
-558887591
-558753932
-557502983
-556576955
-556197563
-555710022
-555672633
-554991334
-554704615
-554238866
-554080879
-553830936
-553739916
-553306380
-553180704
-552965670
-552847755
-551923834
-551180257
-550664718
-549111195
-548977739
-548912106
-546856394
-546481870
-546438286
-546038048
-545760561
-545023815
-544798271
-543956352
-543778195
-543535338
-542498821
-541583971
-540901546
-540166737
-539760071
-539496476
-539441722
-539401447
-539157186
-538738789
-538704165
-537849382
-537284372
-537037905
-536956144
-536692226
-536629306
-536586404
-536500444
-536339709
-535694612
-535652921
-533994124
-533440529
-533147421
-531073299
-530611666
-530398307
-528738392
-528542081
-527076792
-526193549
-525965403
-525686765
-525250534
-523810251
-523727344
-523359154
-522730074
-522406656
-521367992
-521110765
-520199204
-519725073
-519494082
-518128368
-517900515
-517527151
-517407550
-516613215
-516610087
-516559113
-515968915
-515011874
-514535391
-514017263
-513833656
-513295323
-511084228
-510533894
-510379597
-509308506
-509202848
-508868855
-507930276
-507651220
-506385766
-506230268
-506219509
-505684912
-504177868
-503792431
-503601851
-503581830
-503556920
-503531285
-503200130
-502930065
-502839007
-501766517
-501650248
-501576422
-501300344
-501109092
-499733159
-499634688
-499467299
-499267946
-498834683
-498179763
-497704973
-496729599
-496693464
-496196174
-495358037
-494537460
-494299907
-494047666
-493626558
-493487745
-493467521
-493224981
-492651270
-491396261
-490632244
-490444152
-490186333
-489922190
-489661780
-489629967
-489114897
-489114122
-488717457
-488335107
-488292134
-487991313
-486902238
-486626999
-486353610
-486214890
-486041097
-485037177
-484944718
-483692850
-483478542
-483132649
-482985541
-482565165
-482356890
-482249784
-481635381
-481410581
-480847608
-480826123
-480470133
-478844381
-478675945
-478422825
-478419224
-477798445
-477798191
-477622479
-477400717
-476929722
-476594744
-476436086
-475307598
-474608323
-473742250
-473046781
-472701122
-472329077
-472318027
-471964458
-471830182
-471529685
-471410657
-470960784
-470730138
-469207396
-468899385
-468898656
-468215506
-466398172
-466273154
-465833737
-465664073
-465574848
-465477348
-463222931
-462673376
-462247529
-461265821
-459585971
-459410362
-458137814
-458109438
-458079850
-457803277
-457144045
-457018198
-456788752
-456556372
-455913599
-454754937
-454641267
-454430875
-454178395
-453838526
-453264791
-453058228
-452542275
-452536831
-452035483
-450603738
-449644600
-448332930
-447502771
-447372922
-446929244
-445995005
-445519455
-445236719
-445165740
-444990838
-444588276
-444216252
-443156145
-443114226
-442744063
-442631368
-441409451
-441027787
-438713846
-438013400
-437917426
-437822743
-437815196
-437452586
-437346855
-436816097
-436464947
-435670519
-434771943
-433724078
-433167099
-433093424
-433002741
-430516593
-430280362
-429589830
-428790619
-428596418
-428374118
-428059756
-427999031
-427864010
-427303561
-426848853
-425759728
-425543128
-424585715
-423632604
-422336734
-421878751
-420515038
-419551166
-417827618
-414747420
-414628369
-414565418
-414062038
-413835838
-413777710
-412838748
-412701436
-412575355
-412528161
-412329257
-411325633
-409994777
-409608165
-408768587
-408665384
-407834393
-406539719
-405691037
-405382507
-405194295
-403522249
-402978926
-402591886
-402559803
-401111259
-401000310
-400185470
-400161499
-399247570
-398532364
-398430965
-398261314
-398178159
-397640008
-397240177
-397204314
-397132874
-397122356
-396463126
-395962387
-395347065
-395079736
-393991828
-393787419
-393729449
-393667226
-393547118
-393083292
-393003696
-392042733
-391117847
-390973828
-388414469
-388172005
-387282785
-386842216
-385880471
-385848374
-385656409
-385639964
-385608409
-384575412
-383786576
-383540731
-382324976
-381891607
-381634045
-381247009
-381079593
-380633168
-378814532
-378157298
-377794057
-376759940
-376353082
-376236525
-375584338
-375398234
-375309170
-374562509
-374303951
-373479482
-372473341
-372365894
-371195415
-371051058
-369791531
-369636024
-369260141
-368778050
-368762139
-368070413
-367887490
-366634559
-366612343
-365947027
-364947073
-363915094
-362715601
-362602478
-362589717
-361974465
-361540350
-360687360
-359066894
-358996119
-358928436
-358157935
-357922519
-357366280
-355925200
-355598624
-354132929
-353675550
-353156643
-352487548
-351857204
-351563343
-350991280
-350948091
-350042227
-349610387
-348135211
-347465062
-346377724
-346322220
-341889346
-341448028
-341257938
-338359655
-337583298
-336441768
-335400068
-335177003
-334898523
-334796983
-333398456
-332972052
-332642234
-332373170
-331481059
-330443067
-329624508
-327426119
-327423596
-327146050
-326985653
-326683247
-325635228
-325151963
-324748604
-324662106
-324379049
-324153224
-324113453
-323249744
-323055338
-322743341
-322322458
-321628404
-321549885
-320818962
-320312847
-319376493
-319051006
-317509946
-317302104
-316973954
-315020795
-314635619
-313971087
-313004289
-312845432
-311622972
-311334257
-311243353
-310163617
-308126987
-307708271
-307657023
-307559801
-307058718
-306467277
-303549218
-303450511
-302824760
-302386456
-301438667
-299502161
-298914564
-297960427
-297613269
-297341450
-295272795
-295099463
-295069021
-294792296
-294757950
-294595052
-294563261
-293758632
-293359103
-293292381
-292371395
-292027918
-291990884
-291951443
-291400383
-291183193
-289675642
-289526205
-287960610
-287804652
-287638705
-287628968
-287623441
-287210545
-287023344
-286849944
-286651732
-286069199
-284824541
-284824167
-284815742
-284194274
-284109845
-284021691
-283548878
-283411650
-283197014
-283195128
-282626191
-282035512
-281250936
-281240471
-281108441
-279424982
-279141379
-277772557
-277471778
-277390941
-277249643
-276423587
-275495483
-274767440
-273571762
-273477001
-273262571
-273100138
-273079912
-273020587
-272257714
-272125726
-271728648
-270117456
-269748290
-269675212
-269204663
-269159752
-268927612
-267981300
-267750853
-267169537
-266628485
-266104088
-264212324
-264199470
-263857309
-263546562
-263140147
-262968682
-262660641
-262146437
-261303165
-260968643
-260908408
-260153503
-259859432
-259815620
-259732012
-259471922
-258785896
-258151541
-257766626
-257654628
-256199307
-256005880
-255690528
-255188104
-255093354
-254716166
-254285691
-254044623
-253490621
-251478014
-250348235
-250111802
-249693631
-249093432
-249087857
-248093213
-247322369
-246696113
-246147471
-246119113
-245350998
-245082165
-244689884
-243789545
-242688187
-241884084
-241098611
-241020141
-239299113
-238258297
-238032769
-237979478
-237973145
-237873473
-237840798
-237617441
-237199629
-236684490
-236589859
-236563179
-233647549
-233579520
-233322840
-232721229
-231755570
-231569709
-231400631
-230289037
-229519504
-229227240
-228994019
-228909424
-228787807
-228661196
-227840999
-227722968
-227710180
-226167450
-226166948
-225944936
-224689377
-224300192
-223782191
-223347442
-222719216
-221827541
-220775353
-220697223
-220415014
-220320814
-219411006
-219394022
-219228531
-219121176
-218913282
-218384349
-218073677
-217750888
-217389143
-217334254
-216715850
-216291377
-215980919
-215717684
-215421448
-214774352
-214535892
-214039144
-213731906
-212472209
-212389414
-211403861
-210874703
-210800973
-210675354
-210621093
-210583616
-209603054
-209053091
-208346185
-208257646
-207841797
-207446760
-207439217
-207154581
-207070425
-206967895
-206876035
-206144872
-205691573
-203944852
-203681426
-203421746
-203242705
-202082180
-201661314
-201218355
-200408934
-199876106
-199874573
-199614872
-199577594
-198222010
-198065275
-197671784
-197048554
-196740921
-196562670
-195986222
-195559197
-194917384
-194631283
-194364394
-192880131
-192707910
-190784520
-189535482
-188871776
-188340481
-187367895
-186401182
-185601464
-185334664
-184727738
-184725180
-183916541
-182624993
-181229962
-180865958
-180584117
-180339468
-179991624
-179323671
-179275035
-178549472
-178262598
-177865773
-177490224
-176554090
-176236502
-175887766
-175529341
-175247226
-172369181
-171430024
-170899437
-170703281
-170382833
-170335977
-169650414
-169546722
-168992040
-168791918
-168185420
-167948646
-165875405
-165699114
-165205117
-164921065
-162249645
-162117110
-161937855
-161822686
-160402147
-159504734
-158311605
-157743587
-157667757
-157530695
-157323053
-157259212
-157244472
-155893364
-154175114
-153805832
-153556721
-153159574
-152766285
-152416850
-151486118
-151418740
-150603676
-150216439
-149637392
-149576273
-149185139
-149008741
-148431029
-147833264
-147753642
-146912859
-146406279
-146106797
-146070290
-144937435
-144377322
-143963632
-143044946
-142369376
-142297760
-141816544
-140985272
-139362967
-139156362
-138893723
-138344560
-138327834
-137736974
-137689191
-137082621
-137029575
-136914401
-136794759
-136303945
-136006764
-135962568
-134996404
-134265292
-133936253
-133715201
-133339026
-133187698
-132938519
-132818536
-132429124
-131942256
-129378154
-127481157
-127421388
-126231395
-126163996
-125517965
-125469645
-125101870
-124991868
-124969210
-124430787
-122778777
-122111293
-122008709
-120365670
-120193358
-119909189
-119817192
-119355529
-118828081
-118173799
-117565201
-117474102
-117211464
-116617683
-115254050
-115218589
-115013034
-114977163
-114771072
-113619990
-113502509
-113479618
-112264189
-111361812
-111340339
-109811813
-109550723
-108917354
-108829439
-108641506
-108384213
-107218301
-106980834
-106822359
-106071177
-105854480
-105029998
-104127606
-103597080
-102272888
-101779454
-101131451
-101018970
-100858961
-100111153
-99892880
-98984365
-98819823
-98350001
-98037810
-97511116
-97178130
-95205658
-94940262
-94734219
-94345957
-93789199
-93289315
-92953382
-92883352
-92171698
-91827035
-91708469
-90247053
-89262565
-88847290
-88176259
-87460991
-87324337
-86706289
-86187047
-85752429
-85622788
-84791956
-82941315
-82194626
-81595174
-81577573
-81458890
-81224508
-81096499
-80941980
-80661958
-80348062
-79803986
-78563917
-78224938
-78133076
-76951969
-76312465
-75739424
-75720198
-71759377
-71010941
-70861919
-70638968
-68122749
-67308465
-67078951
-64051521
-63438200
-63006404
-62156459
-61438378
-61265206
-60294060
-59966468
-59636617
-59165872
-58624374
-57102716
-56721660
-56441816
-55335654
-54744826
-54631813
-54583716
-54316994
-54100569
-53909794
-53359039
-53098222
-52855660
-52775059
-52654996
-51865814
-51683777
-51442346
-51221542
-51037659
-49806785
-49551446
-49349710
-48418027
-46998405
-46374912
-45853976
-45779954
-45364703
-45134426
-42875830
-42725888
-42250877
-41038621
-40826860
-40520548
-40231647
-39918207
-38418709
-37814683
-37510817
-36912566
-36338292
-35727003
-35027313
-34413784
-33841628
-33777960
-33143177
-31875635
-31728270
-31154328
-29074619
-27843308
-27812243
-27691883
-27578458
-27287057
-25336531
-24981549
-24388700
-24062883
-23066801
-22678516
-21582437
-21140793
-20705712
-20467354
-20446230
-20276405
-20012870
-19986032
-14724654
-14147385
-13770510
-13642351
-13468984
-13404697
-13282207
-12666296
-12633018
-12409721
-11319556
-11286637
-11196008
-10504617
-10464787
-10149738
-9932007
-9768491
-9295471
-9216319
-8875653
-8555508
-7486968
-6985520
-5761702
-5636003
-4403409
-4017335
-3636205
-3345979
-3250099
-2912316
-1874492
-1768274
-1715095
-1529005
-1242302
-1083072
136573
719748
1248716
2357242
3037588
3276398
3421556
4055491
4306238
4743768
4768348
5156873
6137691
6258022
6980682
7691274
7852465
8131549
8439803
9269162
11028100
11394063
11443061
12800564
14003270
14943471
15677506
17015133
18375176
18467370
19607988
22177530
22753171
23526484
24201726
25444822
26047544
26414411
26690121
28021070
28462758
29497019
30300588
30482339
30528055
30949875
31140580
31303093
31380129
31902745
32349597
32623344
32637238
33581317
33672871
33986558
35333193
35412197
35781131
36725591
37355089
37776968
38102175
39310914
39746138
39782267
40324063
41384387
43096508
43101379
43534204
44734913
45091435
45615453
46092239
46386128
46633839
47657382
47890775
48490993
48864521
49519558
52159242
52399476
52881446
53042078
53233087
53654787
53892371
54133496
55071853
55235977
55240852
56877358
57498052
57763578
58608170
58632005
58826001
59086555
60712564
60720843
60849242
61491913
62030442
62037516
62715315
62736337
62816522
63157803
63876096
64208205
64209932
64270612
65129978
65671904
66403566
66709220
66844539
67650904
67710466
68272400
69763747
69850369
69954300
70058996
70176222
70249053
71231662
71813759
71947799
73127459
73259673
74838800
75352112
75809278
76399691
76578835
77481244
78173299
78416593
79641884
83131830
83829725
84079828
84881761
85094701
85275599
85819014
86244126
86468806
87427518
89904660
90940203
91559393
92552681
92647126
92885300
92938918
93229377
93428968
93564746
93677614
94038361
94267407
94381522
94394572
94981362
95328831
95567903
96177370
96178336
96180795
96604841
96828421
97037548
97238361
97354813
97424163
97775435
98130210
98626135
98712294
98872904
100775151
101344031
102203136
103599073
103923965
104070442
104597970
105261880
105658797
106541284
106990809
107221205
107318474
107646558
108122040
109941921
110254277
110854201
111090296
111536099
112855164
113343405
113470204
113670146
114441682
115078705
115251543
115332739
115377995
115424057
115835487
116586203
116997113
117380063
117451896
117663938
117748989
118444518
118755476
118788683
118970311
120573383
120766848
121532635
122027296
122609787
123441784
124262343
124439272
124798767
125225585
125321594
126040348
126141750
126365781
126519842
126584341
127310947
127388204
127475801
128237825
128676835
129145378
130899854
131038837
131965528
132181252
132283058
132595857
133747413
134503169
135806475
136846824
137164093
137217819
137755311
138379880
138726976
138770902
139865415
140874972
140967707
141543908
142528015
142724307
143195996
143379388
143915231
144457305
145173876
145795638
147432550
147840029
147910199
147934861
148226233
150280005
150864881
151155711
151211763
153709972
157020767
158675860
158979430
161170209
162561550
162926559
163148713
164068477
164779864
164820484
167046056
168792283
168864375
168915297
169996313
170351686
171894133
172218293
172352690
172976154
173750005
173751128
173829606
174082756
174441962
174899981
175497633
175618136
175870634
176047251
176414109
176665538
176992594
177118980
177483032
177766387
177900704
178686721
178852601
179138223
179366749
180949289
180963283
181503511
181634193
181778834
182355906
182455184
183322870
183988282
184546510
185025522
186483434
186922905
187721898
187882001
187940099
188464931
189456341
189547032
189655786
189920849
190649443
190697423
192821257
192825890
193292928
193571217
193698687
193908899
194153088
194272668
194444202
194892244
195173810
195187737
195304386
195761385
196712437
196818388
196834957
196929994
197137972
197343080
197536385
197569786
198184887
198369287
198376397
198655060
198715310
199220742
200214349
200377481
202070612
203380719
204249544
204948403
205456469
205572841
205759172
206038830
207434191
207980457
208058870
209129338
209466097
210495740
210836830
211799661
211844355
212824284
212963754
213257640
213408713
213586564
213735274
214821127
216064355
216987932
217032212
217306142
217483012
218643982
220133970
220358035
221455895
222659722
222815810
223335259
223381666
223953292
225629648
226208095
227120842
227278175
227653081
228052366
228577923
229359344
229700752
230506243
232479686
232789440
233881806
234700360
234843222
235306192
236317943
236863493
238129167
238770381
238918900
240156985
240416300
241115697
241264198
241533177
242052785
242361776
244341275
244471630
244601680
245183740
245563880
246020529
246458391
247889660
247959167
248485618
248530816
249315128
249809685
250234175
251177248
251902198
252419567
252450126
252758451
252885425
253070112
253196754
254218193
254272452
254728475
255671265
256285439
256574568
257085500
257742220
257830539
257898972
258919247
259701537
259910381
260244347
260310126
260694437
261612390
261677014
261706048
262582537
263770248
263941589
264295527
264306636
264670014
265111211
265509594
265636628
266076281
266232472
266239893
266302660
266836385
267161295
267786087
268901565
269757873
270316533
270452529
270577130
272150413
272377474
272919857
273594086
274766565
275159130
275446382
275985057
276580676
278434443
278727410
279035170
279919051
280116657
280450292
280913743
281842493
282380366
282498245
283752985
284334980
284778714
285190658
285196789
285611889
286200041
286254536
287699394
288018442
288436505
288541571
288683399
289137925
289881251
290804560
290992305
292407990
292834493
292927926
293721134
294534840
294715061
295561789
295576497
295791838
295972130
296100392
296199362
296610435
296841824
297123172
297334972
298029108
298627309
298962704
299136575
299460642
299949103
300296660
300919928
301800077
302600565
302992277
303879497
304518386
305443243
306072229
306482358
306653539
307062404
307102823
308132758
308240923
308249232
308351648
308673154
308764573
310104770
310188575
310300762
311506693
312743954
312792171
312933092
312951182
313511300
314162973
315705983
316704836
316994758
317054842
317612228
318513270
321666017
321718681
321931616
322443779
322531435
323385037
323511661
323641502
324373820
324552444
325724457
326143593
326460874
327615251
327935455
328333321
328659175
329621365
329676034
330007633
331972900
333099237
335326845
335402968
335530784
335854571
336064646
336346172
337404368
337559326
338166105
338627296
339059866
339261448
339795690
340337436
340482572
340520055
341012192
341393756
341412908
343081395
343088721
343854328
343877311
344072977
344451297
344768635
345559304
346070317
346333146
347107084
347942840
348013880
348765645
349517383
349553477
349809672
349885778
349974128
350240480
350879944
350884153
351626405
351645063
352761407
352871965
353705621
354897705
355521315
356341077
356495413
357295152
357833805
358194382
358788662
360043326
361267897
361837290
361941213
362332134
362395763
362903661
364484995
364767582
365527727
366024529
366265937
367258259
368197215
368239973
368662421
370120444
370170136
370577519
372490178
374054034
374253916
376111828
376726657
377035156
377057450
378442370
379364524
380230043
380318745
380610869
380941513
382561689
382766187
382918248
383867104
384251909
385674350
385771173
385974097
386136179
388998072
389264675
389562507
389626853
389631091
389677389
389983641
390057942
390939768
391037567
391247783
391398633
391631465
392129069
392222430
392229639
393142150
394443439
395290909
395442147
396124697
397059952
398344374
398704396
398742870
399432663
399779734
399804928
399808059
400133379
402086841
402439567
402914100
402932899
402949370
403045559
403643663
404130536
404575398
405217600
405301699
405303164
405415612
405720224
405834672
405887294
406273668
406500052
406547700
407007169
407551922
407738253
408498096
408606962
408987461
409040106
410028079
411366711
412153708
413207483
413768791
413949230
415424019
415497651
415684326
416038805
416879335
417210637
417594786
417596655
418884602
418929028
419591216
420295081
421264693
421317975
421506023
423342818
425007532
425166745
425607526
425679969
425725444
425934369
426075708
426088648
426450763
426529632
426538890
427486411
427528555
427566785
427722665
428767236
428870816
428953491
430443204
431381020
431463137
432694550
432963297
433299927
433784368
433940696
435012346
435435334
435666759
435854579
435927547
435930128
436640133
436707471
437529673
437883794
438530883
438732462
438935270
439009625
442380947
442574038
444361429
444428083
445173761
445503678
445701477
445857534
446235148
446674289
446852986
446978353
447159160
447780280
449530493
449861637
450141170
450953899
451239013
451334104
451799408
451823538
451907971
452416170
452773215
453135914
453484613
453877294
454506003
455055821
455423424
456134723
457369295
457639432
458243018
458439686
458487010
459789668
460814515
461134689
461934462
462328411
463385933
463657221
464081188
464342191
464931870
466167370
466413835
466668592
466702902
467404013
467717275
468008307
468081103
468327792
469510406
470922147
471158706
471320383
473812147
473909690
473932602
473970780
474410437
474938735
476360594
476530402
476615251
476965209
478353524
478742258
479737663
481187614
481845759
482494304
482606974
483211562
483322602
483670510
484426738
485062066
485991388
486616423
486965836
487686295
487866246
488571434
489676038
490159799
490344108
490361439
490766566
490839679
491803370
492001588
492328789
492350906
493013359
494780057
495001676
496193635
496373457
496604677
497002384
497014229
497246951
497911398
498155588
498235119
498385546
498610584
498936626
498993402
499265680
499306619
499720397
500223565
500517817
500959839
501043093
502915854
503368209
503429071
503540985
504555997
505116636
505380111
505799335
507566732
507980356
509120359
509929295
509942264
510816495
510882562
511264015
511539377
512035256
514686806
514808580
515768542
516098252
516634215
517059353
519617208
520530348
522524962
522698050
523099160
523704429
523961654
523982864
524152713
524524966
525115419
526032681
526667526
527878246
528659498
529853138
529855419
530095415
530183365
531255282
531274558
531599440
531628289
531687051
531915069
532777708
532883902
533446682
533926092
533987420
534339267
534422799
535613372
537340460
537678326
538140740
539914005
540014159
540180144
540271800
540384577
542618161
543145584
543279956
543505022
544014877
544372343
544714086
545021992
545751201
546093720
546115282
546634843
546818512
547082296
548433007
548563959
548635906
548894136
551107135
551109647
551451688
551635330
552189556
552239122
552723814
553629745
553706712
553724955
554109724
554184392
554218964
554976572
555952396
556012383
556918617
557377089
557480646
558428479
558630095
559415542
560034994
561516853
562612991
563119090
563177834
564161552
564580326
564855492
565848885
566362133
566627580
566786434
566966147
567017986
567354120
567670357
568797272
569233940
569410870
569560435
570309527
570467794
571430087
573144020
573593763
573599652
574239781
574425210
574820268
575111317
575962541
577711360
577741503
577975079
579115787
581328560
582113797
582840536
583816565
583935110
584023526
584475169
585398699
586407009
586517374
587343834
587610952
587939168
588670742
588686981
589294428
590195340
591612906
591619493
592162751
592752582
592773771
594003340
595008617
595085181
595105034
595164460
596199808
597187898
597466797
597518592
597579031
598355209
598502447
599311425
599909819
600087195
600326130
601584464
602040833
602151045
602358253
605008471
605173745
605257786
606134092
606189741
607058045
607560130
608361440
608442784
608694739
609128057
609333198
609353193
609455953
609487389
610136047
610289116
610310820
611064154
611860812
611865203
613094625
613725172
614243177
614562920
615400416
615586029
615648825
616001470
616153790
616438948
617611660
617819664
618594722
618838972
620010950
620349793
620404797
621365120
621605744
622112556
622442686
622488028
622824986
623395623
624127138
624130263
625499711
625517261
625977799
626072768
626599322
628386349
628398237
630108150
630207263
631341589
631346963
632167331
633162670
633965367
635221435
635256369
635286417
636505138
636509330
636558598
636610554
637106847
637396955
638200788
640074810
640247270
640334422
640655271
640703290
640855090
641287485
641422224
641441598
641823556
642438515
642664485
642701739
643002268
644661254
644715909
644896765
645472797
645641526
645745979
646254483
646497864
646938759
647368572
647457304
647479544
647770565
649130778
649532545
649852190
650293222
650316423
650423478
650902116
651256146
651341959
652113075
653365664
653396814
653886363
655465162
655526521
657972152
658084494
658334899
658497673
658702306
659055850
659201784
660327530
660558338
661485001
662016284
662023063
662675116
664303967
664732850
665445439
665683079
666571575
667410634
667767074
667868117
668356340
668690938
669215140
669490229
669986907
670093939
670741569
670873351
671631343
672077224
673068371
673886465
674098376
675274838
676011156
676927878
677055263
677353637
677427729
679387611
679654562
679659788
679812069
679850298
680461370
681620245
681670789
681947257
682500956
682794391
682962110
683542901
684441467
684583895
685573770
685598639
685771549
686412654
686810409
687101657
688553060
688793625
689087108
689252530
690256347
690280865
690737216
690873157
691803632
691820073
692013842
692306354
693114681
693275091
693393871
693979161
694568609
694734256
694900645
695559825
696111397
696782339
697283600
697598008
698117797
698123569
699896571
699986242
701292218
701362367
701571420
702033353
702305953
702326788
702741357
703335243
703540878
704527602
704530680
704904845
705358042
705399366
705641533
706032034
706151125
706400903
706462859
706529763
708864718
709115788
709401422
710709589
711524220
712777639
713254416
713426408
713798685
713959802
714312112
715165682
715478563
716797183
716799933
716994650
718902619
719122602
720163639
720659263
722732465
722987839
723621991
724201825
724495230
725350484
726163043
727718738
727950198
728675237
731299012
731403403
732320429
732745962
732746270
733397643
733515667
736268792
736782657
736808610
736942909
737399802
737465109
738988822
739077803
739254883
739426496
739798008
739854846
740463669
741036323
741767288
742206749
742262074
743485086
743573043
743622642
744062171
744216673
744430366
744730850
745893437
746145226
746909731
747173695
747557085
747635757
749946836
749979793
750677892
751181472
751268194
751807049
751932217
752663614
753241610
754819633
754832543
754839009
754989162
755391863
755784999
756671471
757160193
757646043
757791679
758005499
758831613
759996641
760203762
760313008
761572679
762365415
763687134
764403002
764893504
764953561
764982365
765667761
766710451
767073445
767857049
768156161
768957602
769113024
769202234
770241601
771628992
772979334
773229288
773408011
773488037
774236507
774620736
775653803
775732659
776446277
776510743
777639488
778047541
779656440
779722119
779947344
780111744
780710051
781077549
781338778
782234732
783274334
784147802
784399694
784563851
784940077
785092763
785189339
785690194
786658683
787378170
787404398
787545588
788856117
789138947
789322385
789589784
789982845
790860556
791358680
791474307
793975656
794248203
794500996
794590300
794857389
796237158
796356723
796507275
796945914
797140420
797195596
798132135
798321510
798676734
799625346
799694867
800866258
801410932
801598882
803822290
803889874
804003787
804344178
804748392
805213720
806340197
806381596
807140980
807173468
807376186
808467452
808482574
808747851
809424579
809987135
811214142
811448533
812260348
812382056
812411290
812915377
814207801
814376050
814963255
815120031
815568847
815860011
816167424
817178498
817368701
817499589
818292644
820776516
820937311
821904931
822062150
822217963
822791841
822948909
823766850
824569327
825039080
825456974
825773011
827562313
828051193
828119692
828579720
830212134
831553273
832267752
832748165
832797694
833197970
834291201
835037108
835342728
835568142
836482537
837089485
837342569
837381318
837940130
839000160
839478433
840394233
841282895
841937642
841998703
842586243
843491948
844021438
844675495
844791129
845145742
846938764
847465966
848985697
849668468
850124142
850360254
850422634
850445716
850769729
851132146
852019273
852331181
853479508
853772734
853796658
853977722
854178834
854929401
855033614
855660787
855705535
856593402
856594783
856878474
858234829
858650528
858726930
858989515
859748945
860266699
860795450
860817509
862028732
863404172
864019395
864240456
864404539
864672656
865536709
865706825
865945509
866318279
866400433
866571602
867816216
868257926
869016734
869456926
870659681
871551537
871810906
872434181
874082923
874226685
874669639
875248879
876109306
876580780
877441844
877500965
877511208
877607536
878271697
878320714
878336833
878667317
878779404
878826741
878955890
879255733
879542194
879801220
879941652
880016772
880806179
881843310
882064275
882480486
882811137
882964501
883053058
883230957
884500379
884683172
885938690
886755280
887405934
887927550
887972429
888265796
888722564
889796956
890753488
892340421
892727618
892992213
894041609
895675485
896439585
897009694
897705203
898305867
898877656
899068780
899651691
900236692
900337683
901419024
901492276
902400447
902499191
902760084
902849714
904083514
904390506
904657189
904806259
905922700
906260109
906398691
907047735
907739126
908760525
908915781
909083745
909164623
909475488
910557361
910790804
910848254
911389069
912023377
912221312
912350986
913086263
913389429
913785942
913873947
914563983
914991253
916201239
916515176
917069929
917218521
917230973
917757217
918263720
918837307
920109599
921688611
921710386
922173720
922849558
923396746
924822128
925255931
925397418
925645637
926507418
926880217
927710019
928734660
928903183
929084482
929381748
929783458
930217669
930964039
931134124
932125960
932424278
932968408
933937408
934362708
934934338
935185805
935822750
936326702
937830789
938115871
938233404
938902321
939421150
939900814
942086987
942104162
943238970
943310654
944840406
945001648
945280530
945707269
945732131
946119241
946525616
946742147
946798145
946864690
947086040
947746548
948227328
948715013
950768244
950800759
950867029
950949805
951586198
951986200
952185445
952381521
952828149
953380275
953801483
954424137
955083065
955315882
956037141
956298538
956985467
957714152
957958161
958052992
958941058
958996163
959104359
959566129
959720129
960000755
960347571
960547028
960698279
960718593
961407883
961495430
963832396
967354824
967703219
967852979
968129208
968466213
968588187
968925952
969482320
969758686
970564074
970657576
971078071
971207228
971588907
971955977
972984375
973033799
973268066
973416450
973981600
975572283
976223231
976332720
976700282
977572595
977735849
977786760
977803097
977941602
978758362
978844030
980174981
981572258
981696597
982320560
982455394
983413209
983423641
983448859
983739698
983805478
984518625
984748188
985164160
985954965
986135507
986454380
986466202
986709388
987426765
988884005
988981872
989264156
990386421
990895913
991308765
991544380
991695054
991742659
991848129
991942613
992269395
992481186
992802458
993268620
993778418
993895957
993946837
994071953
994521808
994704529
994889838
995095191
995392817
995604952
996090830
996263775
996542253
996630033
996672467
996701091
996733525
997716937
998073565
998398189
999413748
999696177
1000844684
1001790891
1002579360
1002644334
1003513724
1003756824
1004039522
1004106816
1005201726
1005603293
1005721707
1005740982
1006065670
1006175712
1006686744
1008054617
1008291023
1008680862
1009412515
1009856030
1010553546
1010694629
1011451051
1011498340
1011540221
1011808587
1012305116
1012766455
1013408955
1013575196
1014365863
1014501150
1014694737
1015362127
1015710498
1015950296
1016637712
1017110761
1017681642
1017849941
1017963074
1018304470
1019164195
1019395414
1019438788
1020073045
1020365957
1020506913
1020514545
1020917042
1020993876
1021357611
1021474447
1021495562
1022886127
1024206026
1024402503
1024683323
1025108475
1025283594
1025301751
1026756138
1026946043
1027027620
1027144276
1027410719
1028343499
1028869228
1029092529
1029665128
1031024910
1031583482
1032543290
1033970545
1034901817
1035676920
1035856468
1036209404
1037046209
1037256925
1037290261
1037560061
1037840963
1038437581
1038896869
1039128881
1042493818
1043347924
1043736304
1044596910
1044757137
1044822267
1044936892
1044953861
1045424268
1046154345
1046289942
1046368660
1047659831
1047744815
1048289309
1048309990
1048755655
1048960611
1049097735
1049506444
1049767448
1050443890
1050810652
1051569224
1052583571
1052648207
1052809481
1052905665
1053238627
1053324743
1054331493
1054419278
1055497553
1055803930
1056428200
1056866254
1058409988
1058642835
1058714841
1058726086
1059520988
1061304330
1061448860
1061949048
1062589846
1062702794
1062739344
1063422654
1064256479
1064697195
1064789677
1064945161
1065208514
1067634037
1067938923
1068228733
1068261489
1068739320
1069025510
1069171477
1069252688
1069331910
1069444803
1070219332
1070589279
1070759906
1070827211
1071291965
1071997521
1072280752
1072990102
1074156468
1075274276
1076046337
1076160607
1076303023
1077029067
1078467685
1078553563
1078890271
1079292986
1079327450
1079435763
1079551152
1080185050
1080537559
1080971856
1083746270
1084338632
1084538260
1084553116
1085199261
1085270304
1085629589
1085842490
1086079567
1086237057
1086621191
1087073693
1088648491
1088873264
1089344861
1089661787
1089745700
1090352831
1090376046
1090467951
1090514577
1092491818
1092767162
1094254299
1094654479
1094702284
1095108937
1095143468
1095174768
1096547393
1096869332
1097075968
1097245624
1097852042
1099012714
1099134280
1100031528
1100320228
1100706905
1100709352
1101719336
1101745139
1102322504
1102349915
1102841235
1103210395
1103241443
1105201578
1105595159
1106461393
1106703385
1107048355
1107460640
1107469621
1107474072
1107553901
1107986965
1108375279
1108475819
1108499240
1108840128
1109144202
1110003492
1110053530
1110479182
1111223839
1111332617
1111354530
1112308980
1112884870
1112913091
1114241357
1114574374
1114596810
1115385628
1115583378
1116312060
1116506346
1116531326
1117527547
1118843621
1119238071
1119847098
1122063420
1122282560
1122331424
1122331653
1122767765
1123069288
1123074593
1123799998
1125505506
1125778776
1126318502
1126489007
1127022811
1127071911
1127763320
1127845426
1129330568
1129573042
1130085353
1131778353
1132886093
1133210313
1133535727
1134064787
1134067617
1134439414
1134648281
1135232582
1135493213
1135502834
1137537392
1137564976
1137605148
1137648300
1138548324
1138652348
1138728908
1139376933
1139855948
1140621204
1141708278
1142615269
1142824325
1143013891
1143300693
1143618681
1143971716
1144725910
1144738344
1144982703
1145249878
1145619730
1146528681
1147009200
1147051297
1147472206
1148023440
1148590554
1149323172
1149931602
1149959176
1150404754
1151230857
1152284701
1152606483
1152868297
1154023684
1154225282
1154506521
1155028292
1155604364
1155723651
1155955559
1156089010
1156166361
1159083627
1159932371
1160616566
1160822706
1160874480
1161409572
1161490115
1161815884
1162954505
1163288716
1163361146
1163761772
1163978391
1164007897
1164050359
1165045944
1165081312
1165503508
1166041968
1166208956
1167900496
1168185814
1168220278
1168319823
1169334539
1169545983
1169653434
1169725590
1170078276
1170502559
1170562439
1170775269
1171050461
1171593962
1171638457
1171707147
1172171283
1172176779
1172340378
1172893995
1173028000
1173349585
1173518038
1173567001
1173808136
1174065739
1174322551
1175099519
1175358541
1175390220
1176076067
1176269067
1176751020
1176789314
1177760671
1177871514
1177881029
1179061762
1179173665
1179808317
1180102324
1180521011
1180573957
1181100146
1181842252
1182130404
1182405622
1182852756
1183040437
1183243716
1183529449
1183570629
1183745113
1184959295
1185250313
1185764978
1186088932
1186102895
1186307202
1186561834
1186735546
1187514347
1187525028
1187633699
1187810103
1187936943
1188049175
1188209339
1188614387
1188912235
1190242490
1191003781
1191101941
1191115830
1191755845
1192469140
1192759996
1192931147
1193129797
1193553127
1193889778
1194720430
1194769846
1195719931
1196335312
1196965585
1197005060
1197753428
1197776278
1197860036
1198316833
1199078399
1199664244
1199856380
1200339076
1200361043
1200673474
1200793996
1201026313
1201149785
1201850022
1201992658
1202202938
1203456644
1203871841
1204529018
1205326383
1205364284
1205688340
1206254135
1207006909
1207942161
1208442530
1209231070
1210083652
1210696881
1211119109
1211682046
1212055335
1212698735
1213530350
1214590579
1214721953
1216595214
1217643611
1218015123
1219648196
1219720112
1219748226
1220247763
1220719967
1221723502
1221746625
1224599001
1224772211
1224774996
1224893616
1225592751
1225777169
1226226653
1226764182
1229502043
1229676346
1229912246
1232202309
1232619336
1232794167
1234334625
1234429261
1234440469
1234700627
1235037104
1235259241
1235745457
1236991967
1237098110
1237552224
1237784046
1238205698
1238401797
1238712520
1238750786
1239075014
1240321110
1241633726
1242174329
1242246652
1243389697
1243750384
1244356492
1246322470
1246593494
1246694961
1247377147
1247487747
1247848148
1247942913
1248206796
1248289838
1248323120
1248906499
1249231297
1249350826
1249482530
1250548344
1250867667
1250924000
1251207115
1251768093
1252067546
1252106142
1252954377
1253997137
1254077333
1254948576
1255735667
1256419423
1256549851
1257368216
1258474604
1258505029
1259363374
1259809614
1260442685
1260853468
1261169954
1262003625
1262431068
1263513111
1264064576
1264466802
1265948307
1266130014
1266602259
1267005492
1268185159
1269132480
1269754171
1270309397
1270436376
1271004008
1271982871
1272254829
1272794721
1273197268
1273226161
1273253880
1273282730
1273604314
1273926018
1274483984
1274544575
1274626604
1275669374
1277072930
1277450437
1277502002
1277522994
1277878332
1279231803
1280502665
1281409516
1281483283
1282030544
1282943508
1283070602
1283443320
1285271934
1285452377
1285724020
1287212383
1287390536
1288034958
1288077793
1288615169
1288662404
1290181427
1291108762
1291392310
1292963443
1293678583
1295197371
1295584083
1295641853
1295882363
1296065630
1297232026
1297340419
1297410199
1298925703
1299480739
1300874895
1302719164
1303207585
1303981477
1307000491
1307274179
1307300518
1307769749
1308414724
1308699826
1308734296
1308869354
1309311890
1309698167
1309712223
1310139596
1311000840
1311471452
1311694127
1311895759
1313788217
1313908229
1314581643
1315657372
1315781313
1315915423
1317060968
1317710872
1318105957
1318279185
1318714533
1320464241
1320631114
1321099379
1321948602
1322023879
1322066206
1322305854
1322420646
1323286959
1323672896
1325034820
1325249749
1325839317
1326012051
1327344327
1328281980
1328287577
1328419622
1328700246
1329649055
1329843864
1330278425
1330835598
1331453683
1331524643
1331557338
1335343905
1335637707
1335723951
1336330634
1336606029
1336636936
1336784070
1336785794
1337347687
1338280222
1338696266
1338815138
1339179565
1339203660
1339270881
1339493312
1342417219
1342544114
1342900249
1343275865
1344138943
1344498743
1344571594
1344686861
1344803138
1346016134
1346428539
1346883472
1347354958
1347561670
1347880836
1348870237
1349416348
1350461774
1350929076
1351175821
1351261014
1352247600
1353073073
1354675424
1354911889
1355088121
1355548604
1355721772
1355838777
1356043664
1358056996
1358903117
1358952587
1358967387
1359392665
1359696970
1359843686
1360544041
1361236262
1361534073
1361875735
1361881392
1362136998
1362833381
1364675221
1364828617
1365320575
1365718992
1366454254
1366829915
1367124938
1368739677
1368777925
1369008723
1369103179
1369986464
1370246850
1370911196
1371144886
1371481434
1372107067
1372199515
1372567228
1373955576
1374064976
1374808728
1375454029
1375629488
1376201411
1376227331
1376942756
1377921447
1378753396
1378875133
1379473685
1379819856
1379961684
1379969975
1380377029
1380592810
1380995412
1381690337
1381794872
1382086204
1382591979
1382671042
1383600352
1384494761
1384640715
1385197480
1386058965
1387271095
1387667571
1388280173
1388642678
1388840565
1388850540
1389827779
1389996802
1391231618
1391516435
1391532172
1391973826
1392106303
1392851291
1393797262
1395157638
1395316866
1395514595
1395860900
1396076272
1396697312
1396823336
1397813669
1398814181
1399463180
1400388937
1401442923
1401681833
1401933261
1402889162
1404607897
1405219833
1405936833
1406303233
1406960299
1407984231
1408323858
1409122148
1409433208
1409463139
1410122704
1410223856
1411394857
1412449692
1412770132
1413022211
1414543859
1414870207
1416154045
1416783765
1417969585
1418124045
1418188422
1418714617
1419201903
1419365426
1419714698
1420050886
1421376323
1422208373
1422324116
1422581035
1422861257
1422899177
1422950544
1423381007
1424474692
1424758523
1425209017
1425729211
1426087743
1426171814
1426914209
1427582872
1427879244
1428111175
1428302589
1428378890
1428923320
1429398486
1429509396
1429735451
1430061601
1430629098
1430724233
1431077270
1431328780
1431854814
1432447370
1434131831
1434572734
1435144254
1435345706
1435845944
1435861966
1435904421
1436515128
1437667358
1437804458
1437964221
1438156553
1438316147
1438352610
1438641432
1438946119
1438949498
1439184933
1439276089
1439337116
1439500615
1440087384
1440620368
1440631110
1442001714
1442004373
1442018373
1442699471
1443842203
1443875722
1443995519
1444378107
1445467310
1445625320
1446343076
1446401294
1448629124
1448920763
1449015482
1449535524
1449609281
1450819558
1451135996
1451501142
1451753064
1453239823
1453335620
1453920336
1454049800
1454410999
1454573284
1455113514
1455747067
1456386729
1457103257
1458647056
1458760335
1458954137
1459301362
1459510807
1459980867
1461373886
1461403344
1462141246
1463313175
1463735927
1463929856
1464803462
1465151248
1465641237
1466666713
1466795003
1466893749
1467979680
1468792670
1470112182
1470402763
1470569089
1470905118
1471024507
1471590892
1472524813
1472817670
1473637897
1473712589
1473761457
1473824915
1474277114
1474666318
1476227229
1476278941
1477207291
1478436347
1478546804
1478976286
1479325304
1479353197
1479896668
1480033528
1480301884
1481488355
1481742944
1482898274
1483116073
1483292732
1483705412
1483863329
1483878244
1484120142
1484661270
1484699656
1485395764
1485614499
1485762154
1486991879
1487085730
1487177482
1487279966
1487315879
1488031021
1488038130
1488133232
1488514376
1489404188
1489634842
1489653334
1490454565
1490518530
1490621876
1491012745
1491095770
1491326043
1491866315
1492812856
1493617104
1494348114
1494371015
1495032939
1495384299
1495497168
1495599226
1496468679
1496820088
1497063358
1497329089
1497686343
1498680991
1498690162
1498922520
1499199997
1499299684
1500000698
1500287586
1500797495
1500930337
1501241139
1501521465
1501863181
1502309234
1502453120
1504186563
1504782423
1505673648
1505790751
1505853523
1506234883
1507268899
1508575796
1508945867
1510476853
1510997160
1511167603
1513057212
1513562822
1514350013
1515366843
1515634770
1516686876
1516694757
1516795572
1517388098
1517889373
1518853389
1519052682
1521225893
1521426170
1521894404
1522055686
1522697839
1523730247
1524272342
1524292952
1524309224
1525953329
1526260184
1526530662
1526592667
1527039233
1527564461
1527694039
1528321734
1529146722
1529689359
1530266070
1530926867
1531133844
1531410379
1531575225
1531714538
1531845972
1532420812
1532551262
1533067740
1533775773
1534666043
1534683458
1535930609
1536440572
1537013945
1537296992
1538533540
1539553587
1540168276
1541006083
1541197716
1541322816
1541386759
1541707473
1542462276
1542713833
1543246507
1543377518
1543494308
1543821335
1544409135
1544449010
1544845132
1545491965
1545527135
1546005947
1547120006
1547385758
1548160135
1548166641
1548372553
1548395206
1548406107
1549207132
1549224932
1550202943
1550290839
1550740554
1551577600
1553170535
1553371162
1554569584
1554720997
1555052290
1555357559
1555481456
1557032885
1557802927
1557922017
1558610191
1560146647
1560251551
1560509145
1560709902
1560812959
1560958766
1561239502
1561432674
1563194303
1563285787
1563489602
1563593222
1563682818
1564256041
1565240823
1565551781
1565855528
1566585637
1566855220
1567187405
1567273521
1567396346
1567481049
1567749398
1567825852
1568063387
1568600259
1569971186
1571303941
1571681778
1571754524
1571867765
1573141066
1573518189
1573561895
1574798022
1575231148
1575408567
1575457675
1576018017
1576531684
1576723383
1576930668
1578333014
1579862809
1580120920
1580627280
1580746021
1581038203
1582358459
1583168178
1583320510
1583822254
1583969011
1584255819
1584394498
1585007118
1585060564
1585499493
1586015379
1586051543
1586553339
1586676744
1586931080
1587343747
1587512023
1587640891
1588216086
1589630588
1589987399
1590773777
1590932812
1590985192
1592279927
1594425304
1594540671
1594657836
1594821970
1595431062
1595925338
1597324785
1597648570
1597749379
1597986441
1599325042
1599561725
1599925571
1600227435
1600819925
1601978031
1602436418
1604642558
1605479622
1605660739
1607383477
1607455889
1607768824
1608594886
1609063625
1609302558
1609631337
1610641917
1610869321
1611241133
1611814039
1612044415
1612729626
1613153170
1613686600
1614274356
1614801605
1615203576
1616326037
1617167011
1617846182
1617861420
1618301235
1618331430
1619240006
1620216950
1621004364
1621442113
1621799512
1622100185
1623477130
1623550747
1624661107
1625111991
1625288730
1625631671
1625711484
1625892539
1625925026
1626208113
1626889713
1626969256
1627213498
1627373464
1630830228
1631683362
1632695676
1633339343
1633464644
1633552263
1633721475
1633789099
1635574817
1636267690
1636595345
1636888761
1638219502
1638537925
1638696415
1639390542
1639724644
1640213354
1642754248
1643108116
1643190639
1643390886
1644025221
1644213485
1644429721
1644886500
1645394656
1645756041
1647127527
1648186368
1650085306
1650301962
1650361927
1650774432
1651827116
1652368117
1653270663
1653475500
1653676600
1655030719
1655213757
1655397317
1655891214
1656402991
1658357494
1658924050
1660395346
1660472181
1661089039
1661131690
1661180610
1661468319
1661767422
1661885444
1662398882
1662544706
1663252609
1663909474
1664118927
1664843118
1665724210
1666660497
1666840819
1667801685
1668183961
1670815398
1671404974
1671541341
1672741945
1673357337
1673650104
1673696606
1674080819
1674203110
1674862357
1675465155
1675959859
1676142441
1676164413
1676966607
1677615405
1677909869
1678110776
1678254515
1678664155
1679580518
1679646838
1679899380
1680219336
1680862572
1680908701
1681718666
1682631502
1683041082
1683495855
1683834717
1685109156
1685202557
1685359947
1685679762
1685736237
1686737050
1686821630
1687133602
1687631896
1687916914
1689748071
1689774405
1689805740
1690005684
1691186037
1691262291
1691471456
1691687976
1692162309
1692997210
1693065179
1693826984
1695641239
1695728261
1696819569
1696969462
1697045450
1697390520
1697493969
1697516428
1698300816
1698414834
1699327710
1699981620
1700085415
1701608206
1702258234
1704001343
1704146687
1704265411
1704898382
1705099894
1705761765
1705891143
1706945147
1707608261
1708249167
1708656534
1709046299
1710133742
1711629211
1711662261
1711685560
1712070278
1713160199
1713214338
1713566788
1714631795
1714932275
1716144953
1716700837
1717088076
1718850103
1718934589
1718934608
1719185092
1719686222
1719699602
1719863460
1720263103
1720432144
1720450808
1721108219
1721140095
1721930242
1722679106
1723039929
1723103058
1723814706
1723910814
1726709956
1726814480
1727736909
1727899876
1727945578
1728269783
1728472823
1729372096
1729827549
1730440857
1731030121
1731359767
1731906309
1732138561
1732492996
1733892268
1733936691
1734104545
1734989653
1735195069
1735375085
1736044225
1736661771
1737032178
1737254788
1737399053
1737425785
1738039147
1738064432
1739262485
1739995571
1740968457
1740993973
1741753392
1741950017
1742674151
1742695295
1743985758
1744929565
1745214490
1745296504
1745507156
1746946692
1748969523
1749919523
1750425063
1750695405
1751651121
1751676859
1752745406
1752864582
1754357482
1754651107
1754692367
1754713818
1756527936
1756553756
1756799757
1758390328
1758507968
1759032291
1759052243
1759175029
1759567158
1759769711
1760179315
1760665822
1761572092
1762371252
1762632085
1763145636
1763668742
1763888106
1764086954
1764537750
1766320055
1767093761
1767525063
1767550459
1768644201
1769943384
1770159119
1770238501
1770467724
1771117610
1772453831
1773310397
1773628423
1774091771
1774278334
1774548134
1776160698
1776976682
1778636743
1779620478
1781095985
1781469547
1781664471
1781700426
1781784655
1782234450
1783157177
1784536518
1786046190
1786122336
1786745292
1787703663
1787767312
1787794043
1787928636
1788234390
1788817273
1789449632
1789677985
1789805599
1790148453
1790337097
1790926513
1791082199
1793346316
1793621814
1794035689
1795515072
1796098561
1796343450
1796347659
1796640015
1797170691
1797570748
1797699460
1798385178
1798434268
1798611916
1798959400
1799850132
1800167910
1800646054
1800854921
1800964016
1801886215
1802082981
1802396711
1802601407
1802631922
1802872724
1803037826
1804378486
1805866316
1807745924
1809237454
1809436032
1809703121
1809895654
1809896775
1810099755
1810279330
1810485149
1810709878
1811128459
1811334113
1811900826
1812147194
1812252278
1812571052
1812734005
1812793292
1813013608
1813096695
1813588422
1813754510
1815623377
1815800811
1815873236
1816090566
1816737446
1816868387
1817101879
1818449507
1819048676
1819485250
1819722869
1819787947
1820142337
1820528618
1821082243
1821200736
1821388976
1821557337
1823233586
1823391734
1824355324
1826935222
1827037273
1828522190
1828983469
1829286866
1829807867
1830016421
1830189076
1830201770
1830610636
1831197042
1831886251
1832118570
1832269003
1833316456
1833495894
1833701563
1833972276
1834074747
1834668228
1835374948
1835868140
1836868405
1837542971
1839170958
1839854942
1840401626
1841018114
1841336740
1842869518
1845203231
1845482355
1846243557
1846572910
1847494324
1848057189
1848372312
1848665524
1848875270
1849378344
1850419061
1850593777
1850715358
1850926366
1851203184
1851628684
1852560136
1855623464
1855923530
1856434341
1856598518
1856860966
1857856113
1858282849
1860276533
1861058639
1861726318
1865072458
1865107111
1865749387
1865921001
1866058210
1866276788
1866335898
1867581660
1867948814
1868266751
1868724359
1868977355
1869145023
1869821485
1870656580
1871831632
1872032968
1872334118
1872417979
1872686351
1873617233
1873639785
1874075107
1874503305
1875819723
1875859735
1875930379
1876093290
1876569478
1876923887
1877698806
1877993697
1878328756
1878387769
1878431753
1878771224
1878926976
1880079688
1881122952
1881515720
1881598853
1881989132
1882543188
1883899809
1884629993
1884758757
1885502599
1885795938
1885854774
1885949335
1886642839
1887260442
1887309054
1887383419
1887656847
1887791076
1887947365
1888026599
1888174768
1888251728
1888737081
1889361407
1890244431
1891149784
1891470423
1891910425
1892390947
1892470417
1892749397
1895039331
1895950463
1897191661
1897285753
1897313583
1897606671
1897820857
1899152063
1899187189
1899623399
1899641575
1899691405
1900490345
1900559122
1900760687
1901483370
1901547534
1903639023
1904547296
1904771906
1905855137
1906017823
1906894714
1908939316
1909208783
1909275227
1909431053
1909717119
1909968643
1910921660
1911901968
1912364674
1914707198
1916048989
1916078474
1916267734
1916976670
1916998473
1917057770
1918765280
1919354975
1919529448
1919768306
1920207620
1920646953
1921669631
1922432115
1922558622
1922977455
1923446519
1923802233
1923990661
1924852655
1925163595
1925437725
1925830645
1926022751
1926156290
1926206234
1926463204
1927347311
1927435807
1927597302
1928359626
1928861640
1928924753
1930108589
1930992114
1931432285
1932182847
1932250115
1933684853
1933967718
1934245726
1934524580
1935165601
1936227618
1936595780
1937416002
1937829046
1939481468
1940185730
1940569286
1940874158
1941595268
1941799397
1942254791
1943419868
1943857573
1943926005
1944840104
1944856026
1945029092
1946010979
1946115877
1946256127
1949099059
1949199252
1949756830
1951584535
1952949578
1953011009
1954419451
1955680513
1955775232
1956515650
1956604805
1956707441
1957443766
1958435030
1958797141
1959390121
1960635638
1960844447
1960914211
1961205380
1961272188
1962385379
1962639334
1963605478
1963690499
1964367659
1964539166
1965006479
1965194178
1965858977
1966033445
1968530697
1968974975
1969773634
1970023341
1970391927
1970497271
1970718824
1970757024
1971749102
1972453293
1973162308
1973409048
1973544168
1973950467
1974785399
1976385548
1977797904
1978038742
1982027686
1982490234
1983470697
1984507518
1984757628
1984935922
1985215495
1985857019
1985861291
1986041788
1986303874
1986412909
1986630034
1989176842
1989640096
1990038949
1990154449
1990627798
1992199916
1992313424
1992765468
1993420860
1993836346
1993853479
1994801483
1995052968
1995874262
1995893008
1996211981
1996847741
1997611884
1997944257
1998130795
1998633604
1999266659
2000133698
2000211046
2000425309
2001055513
2001283696
2001954991
2002738222
2002899481
2006364292
2006381303
2006455535
2009482176
2009714080
2010206577
2010262163
2011169169
2012037593
2012080717
2013069340
2013262363
2013440365
2013603128
2013613218
2013720681
2013723875
2013724023
2014445750
2014896750
2015254733
2015474732
2016352166
2017360555
2019090968
2019125259
2019300769
2019965204
2020832364
2021091738
2021144839
2021217581
2021458318
2022222657
2022488932
2022501342
2022716702
2023632415
2024013936
2024244819
2024358976
2024460803
2025114139
2026423486
2027863846
2028092449
2028119524
2028493911
2028891892
2030199853
2031133047
2031430987
2032089058
2033377599
2034421506
2034633623
2035787722
2035944286
2036445331
2037552319
2037560703
2038590158
2038669421
2039121693
2039469079
2039531603
2039986718
2040303759
2040676190
2041379621
2042135956
2042182765
2042190492
2042484178
2043052809
2043063321
2043176216
2043516000
2045303561
2045317639
2045820157
2045835163
2046625306
2047235250
2047358625
2047612017
2048040972
2049362439
2049409775
2050031877
2050462151
2050728252
2051340206
2051382636
2051919098
2052021713
2052470485
2052666280
2052796804
2054101245
2054150530
2054499604
2054576996
2055324228
2055546255
2055569261
2055673617
2055956492
2055979778
2057065502
2057171176
2058881214
2058947679
2058979588
2059389122
2059616543
2060007858
2060341020
2061861369
2062269871
2063831007
2063836497
2064112107
2064559134
2064751604
2065501274
2066230927
2067650672
2067858786
2068389810
2068569080
2069452482
2069508934
2070252670
2070461058
2071171615
2071432081
2071734843
2072078043
2072570282
2072699972
2073144850
2073474820
2074075381
2074681255
2074899970
2075625469
2075978427
2076740054
2077017676
2077564221
2078445451
2078996943
2079976970
2080084826
2080439047
2080451649
2080849792
2080925782
2081192471
2081362960
2083106610
2083188856
2083450619
2083864245
2083939668
2084544680
2084745443
2085618543
2086056230
2086607437
2087467486
2087655070
2087805266
2090277305
2090573522
2090829353
2091187485
2092138765
2092431858
2092970781
2093335229
2095221968
2095582567
2096527432
2098289608
2098607008
2098905407
2098985085
2099576727
2100171622
2100372160
2100972880
2101260137
2101410243
2103467852
2103913426
2104078026
2105325071
2106165060
2106359221
2106956017
2107047531
2107393823
2108135117
2108139804
2108220228
2108984697
2109153426
2109362648
2109421967
2109490787
2109763123
2110004099
2110377373
2112755382
2113205041
2113698940
2114281888
2117245929
2117477223
2117666063
2118112806
2118402241
2118790253
2119140984
2119916133
2120204267
2120756118
2120832580
2121158360
2121192962
2121389895
2122274712
2122470250
2124258278
2124851490
2125099638
2125950170
2126012610
2126705235
2127165706
2127461064
2128150485
2128716058
2129178216
2129989964
2130287922
2130559560
2131048033
2131118742
2132222877
2133371388
2134052998
2134468050
2134469406
2135032374
2135343901
2135851650
2135964631
2136034991
2136312863
2137103105
2137256906
2137359055
2137360292
2139102895
2139140288
2140092439
2141379670
2141866373
2142967474
2142971366
2143073861
2143330612
2143825411
2143851477
2143985279
2144353651
2144464125
2145690599
2145843686
2146028150
2146050775
2146065807
