-1986189573
1422581035
3037588
1172171283
1791082199
118444518
1768644201
-536586404
2055324228
1318105957
-1177827882
-643282736
-1031960646
1366454254
-1025168171
1643390886
1103210395
-579516196
266302660
244341275
1448920763
442574038
-816972915
-1899986228
-2128018142
-184725180
1486991879
1497686343
1274483984
-2050562305
-1271155557
1083746270
1621442113
-1923332537
58608170
-1184933185
-947072655
1418714617
-2085327570
-1050637247
-514535391
-293359103
-108641506
194153088
467717275
-615361267
221455895
-2069245397
-134265292
551635330
-667933512
-1532208485
-1779759663
415497651
357833805
-496693464
1307000491
-589965488
-341257938
512035256
-2139719850
-1952120292
-1416976023
-217750888
-1289191682
-1456540190
1949756830
-1992971890
-1409551628
-217389143
528659498
1259363374
-1038870424
-668100058
-260908408
1680862572
1061949048
-684375695
-368070413
1498690162
-281240471
-1176277509
-598393778
-602847052
-707125197
-1806290241
-1211420088
-1740748480
1176789314
-1443824968
-1822551109
-884253350
-122008709
-1543978606
-1513813675
-1744041913
1589630588
-1779522652
-900307335
-453264791
-811295448
216987932
-1427704217
617611660
-1405228702
956985467
1668183961
1116531326
2140092439
888265796
451799408
1887791076
566786434
-1868257297
901419024
1174065739
212963754
-899864540
706400903
917230973
1311694127
-51037659
-1085253836
1674862357
-1107116474
531687051
1526530662
1143300693
2074899970
402914100
-1618560189
-246119113
-259732012
499306619
-906487062
-1420752191
356341077
-1937920598
622488028
-2077454691
15677506
-456556372
1550290839
832267752
-1892486970
489676038
842586243
-891700918
1921669631
1336636936
-209603054
822062150
1425729211
-1657436097
917757217
94381522
-1035075455
-801380819
-446929244
1026756138
-901131560
-803300293
115332739
1904547296
1704265411
-2041618450
682962110
1500797495
1109144202
144457305
-471964458
132283058
1274544575
114441682
-765524113
1899623399
-364947073
-478419224
542618161
-294792296
-601817864
55240852
-1116227088
322443779
240416300
-1409594451
1793346316
-724804488
-878033164
-445519455
2043063321
595164460
-1048598970
-843113887
-307657023
1175358541
1650085306
2110377373
-437822743
1451501142
-231400631
938902321
552239122
-1515396189
-1320252584
392222430
757160193
-859525816
668356340
-1133145284
1687133602
685771549
115835487
-1641644049
990895913
314162973
-1374599221
1154506521
853977722
-1636941328
1887947365
142528015
427486411
530183365
-1103893100
784399694
85819014
1078467685
1803037826
-537037905
386136179
-1452410491
1256549851
1080185050
-801556714
462328411
-24981549
-1737309448
126365781
1255735667
1861726318
1812571052
1468792670
-723755582
1444378107
1605660739
1767525063
-2079748101
608361440
180949289
1877698806
-1343444703
-1526020195
869016734
-1128929598
-1785950628
-742594038
1273282730
-1255582630
-889647600
2084745443
1484120142
-452035483
-1862487508
-2076226426
1455747067
563177834
1869145023
65129978
-1206375097
-31728270
-1060621360
-374562509
70176222
1835868140
850124142
-2134644845
1470112182
-1463401009
-1249454843
1516795572
583935110
449861637
1666840819
1499299684
-940887432
1985215495
-593873062
-1118625552
-228994019
-1741651260
-403522249
1565551781
1789449632
-1032158777
-2129493325
-692347501
-539157186
-225944936
1171638457
1799850132
1943926005
-13282207
2098289608
-151418740
-1796228229
638200788
5156873
-1326748943
-864800655
797195596
-1356518749
-241098611
451334104
983739698
-523359154
-1459472766
1568600259
275985057
2086056230
1887656847
709401422
-3250099
44734913
-1408469615
-685749810
973981600
1155723651
703335243
-1106441911
1770238501
-1375615440
1609631337
-1187533528
1411394857
-1227135806
1037046209
-1451947477
1177760671
647368572
-1819666468
1061448860
1424474692
1462141246
31303093
1048755655
1143013891
-1799302629
455423424
-735703896
-1575668582
1855623464
-794777811
173829606
43534204
399779734
323511661
-576428288
-691916551
-970139389
70058996
1277450437
968588187
-494537460
-2024910271
48864521
-482565165
1114574374
553724955
302992277
-638374955
-79803986
-643069412
-1940399521
902400447
2077564221
1511167603
-675017478
1648186368
-614265535
1945029092
509929295
-1648275465
-427999031
53892371
407738253
-1830861094
-1308950881
885938690
-597324963
-1532508967
-109811813
995604952
-2060835750
272377474
2135032374
-892044572
-210583616
723621991
179366749
338627296
2067858786
2144464125
-1744256889
-1434656391
-1462586911
837381318
1111332617
-1049999602
-574009318
664732850
1626969256
-1764408392
1250924000
-651790654
474938735
-444990838
-1234479125
510816495
991742659
-1007487719
-869906161
-892948919
1866276788
-428596418
-651757392
-1444379038
-1405735275
1926206234
1819722869
1992199916
-811899954
1371481434
1372107067
2098607008
-959059473
-2040610373
2103467852
-1034917791
2045303561
-1183395888
-1879601712
690280865
-1221151943
-101779454
1219748226
230506243
-1634543484
582840536
505799335
929084482
591612906
1361534073
426075708
-1107215280
172218293
275446382
787404398
310104770
-1117958383
305443243
-1557655985
-897732758
-1447513375
1909208783
1940569286
453484613
46092239
452416170
1574798022
682794391
1435904421
1097075968
2118402241
23526484
-1617672229
709115788
-310163617
1382671042
-1476872336
1809896775
1738039147
-977607845
1545491965
1183529449
1518853389
-1930042889
1522055686
-1414021713
-1830079938
-1937004758
-947467117
-1015811745
-1313753993
174441962
-761468930
1645756041
775653803
-852445323
238129167
-2008793074
-1644040072
2010206577
150280005
438935270
2122274712
1027144276
-1968323210
-517900515
-1304627043
236863493
-94940262
1338280222
504555997
1112913091
-1449275166
-1786856653
1661131690
-991873466
511264015
1192931147
316994758
-1568013533
-1439652862
910848254
631341589
-650362252
845145742
1056866254
153709972
-1600069193
-1643750251
-1767065168
-1022709623
1960635638
-882930606
196929994
245183740
-1322531544
-862309646
711524220
-1315448219
-478422825
-1096402326
884683172
-509308506
2055979778
1200339076
-1791716834
864404539
1870656580
1716144953
55235977
1187936943
-523810251
241264198
244601680
189920849
-1331218161
840394233
-1922727448
-561597913
1949199252
-1717666997
1578333014
-765198557
-774439633
-1080834765
-1421666828
-1543458924
-1206930855
105261880
468008307
1638696415
360043326
-369636024
-218384349
-1784325522
1560251551
1680219336
-1841040271
1193553127
-1443824903
-535694612
1235745457
109941921
-1200339993
-629000121
337559326
-162249645
-1303420476
1397813669
1437667358
-1076652786
2042135956
1878771224
-571956023
1028869228
1089745700
1080971856
574820268
1740968457
-629769361
1137564976
-1650812471
-1965078478
-453838526
-1485618787
-1877784094
-1673511972
1331524643
-273079912
-1891984394
-1115693096
1419201903
-971917682
-1007899381
-859470013
195304386
-1690774802
-1283858642
-2032512190
-1308485478
210495740
-1615578696
671631343
-2140584898
31140580
104597970
-375309170
-520199204
312743954
1993836346
-536339709
1597324785
1339493312
-1021738682
-70638968
1735375085
1196335312
-1688774615
-1627577958
-1927430122
1094254299
-1238448524
-504177868
1543246507
-215980919
350240480
1184959295
-498179763
1631683362
1338696266
-333398456
-120365670
1790148453
-811380226
-90247053
-2013814757
-1597068392
-1311841737
-683432017
-2101966753
-75739424
-723455770
104070442
1155955559
-1142223406
902849714
2049362439
1453335620
852019273
-1420322752
1682631502
256285439
266076281
-78563917
-1883680476
447780280
-1679548604
-771176842
-1868804805
-934213615
-1807144500
-442631368
-472329077
1094702284
-140985272
1678110776
-811751359
485062066
-1554555365
287699394
-486041097
1194769846
1015710498
1480033528
1246322470
611064154
500223565
811448533
1891149784
1494348114
1696819569
2085618543
839478433
2100171622
1102349915
1887383419
-216291377
1412449692
755784999
1046289942
-1605440032
1416783765
986135507
2126012610
-1231906508
1817101879
1701608206
-1800867922
211844355
-36338292
234843222
110854201
641422224
391398633
1953011009
-673366087
53042078
2087805266
31902745
-1964902793
-633939677
1137605148
-375584338
798676734
1024683323
-1506010156
256574568
-908821099
664303967
1220719967
-829691749
1173808136
1530266070
1482898274
920109599
-152416850
-1322859669
1874075107
2134469406
1385197480
1256419423
-1985645520
-780921809
-210675354
1935165601
1946256127
1685109156
841998703
-874544836
-437452586
310188575
1481742944
-382324976
-721634131
-563412373
740463669
-1513576252
78416593
-63438200
-1824690745
856593402
1650301962
198369287
985954965
-629272124
968925952
-132818536
-1847525178
-1692352937
-51221542
-564260895
686412654
-1974700034
1993853479
497002384
1977797904
1873617233
531628289
460814515
-1709511069
1307300518
-1314715281
-198222010
-1798888103
-317509946
1736661771
2092138765
533987420
-2120757533
-917431580
616438948
-1761029670
-572065335
-91827035
554218964
-767883261
1540168276
-199876106
577975079
-503792431
-1440175839
1635574817
-452542275
2130559560
-1317700216
1405219833
1237552224
-1741246721
-905463351
548563959
92647126
1699327710
-124991868
1856434341
1463735927
1691687976
-203681426
531274558
-1517844738
-1576000325
1904771906
-262968682
1617167011
-176554090
-398532364
-1187619273
1833316456
-469207396
1594657836
1138728908
-1441328205
-2146514793
1919768306
534339267
2108139804
-1155389570
-625582427
1339179565
-778945400
-254716166
241115697
-1667328793
1620216950
-614912218
621365120
-639791105
-1108586856
1708656534
-1455766480
280913743
1943857573
-149008741
1170562439
-554238866
-1181845395
1834668228
470922147
213408713
-1982895571
1774548134
1899187189
2055956492
-466398172
341012192
1410223856
-1044228154
527878246
-961793447
-298914564
-841881269
-414628369
860266699
-1770152271
212824284
-1774348806
-2046148731
670741569
-1233181435
2010262163
-1891077012
-228661196
-609202874
1401442923
1956515650
774236507
173750005
-1172679189
1435345706
-1134358530
982455394
-2041720437
1067938923
605008471
2071734843
216064355
807140980
-444216252
1665724210
-1746537983
1927435807
147910199
1059520988
449530493
-1301550023
397059952
1260853468
-91708469
-2106362814
-812195986
261706048
1379819856
621605744
-957885790
1186561834
490159799
116997113
-138893723
658334899
217483012
-945858414
-781662164
-1990921461
-905303832
640855090
-1290695686
1644886500
-1040630697
2025114139
-619528683
1995893008
421317975
1055803930
812260348
-938047384
-1782972389
1399463180
1297410199
-105854480
1871831632
1395860900
-822472784
1653676600
2106359221
986454380
-959542110
1308414724
-1217789967
1473637897
-682817457
1656402991
-188871776
2069452482
-776674729
60720843
438732462
-2064902589
-720103035
1351175821
-219121176
-1556928355
-350042227
1123069288
225629648
-19986032
-726785036
755391863
1821388976
1909431053
1086079567
-1060969185
1850593777
-1281265675
-1770979409
849668468
662675116
1212055335
223335259
757646043
-1133659263
361267897
1090352831
605173745
391247783
-749500540
677353637
1406960299
1155028292
1846243557
992481186
-398261314
-978369793
-1052281662
800866258
-1760081855
803822290
-481635381
-1656707129
-2000730737
-2068071900
883053058
-1382299458
-402591886
-197048554
-335400068
415424019
-2056352643
1251768093
1317060968
-1059710986
-501650248
-1521063216
-612000944
1287212383
-681122174
510882562
-1702471521
405887294
960347571
-241020141
1663909474
1012766455
-360687360
-261303165
1594821970
-2065157619
1009412515
1772453831
1658924050
79641884
1269754171
-1883795873
-730746444
64209932
-945974800
-700749272
649532545
-42250877
-932891430
847465966
241533177
-538738789
-1468362077
-101131451
1003756824
667868117
1099012714
-1386366568
-220415014
2077017676
361837290
378442370
1527039233
781077549
-2105019941
143195996
-236563179
1679580518
-1679137384
-194364394
-2084775508
1087073693
69850369
-1692028086
1382591979
-2045530013
-1833133662
-133187698
1181842252
-1070308183
-1621133292
894041609
-809016671
-889461902
-295069021
98872904
1769943384
326460874
-594341328
727718738
-188340481
-489114122
338166105
-1838646791
-2012344566
-332972052
-1197419050
1181100146
406500052
-1130023675
574239781
1108499240
111536099
-149637392
1873639785
-1243004212
543145584
92552681
-86706289
-380633168
-1117481947
1021357611
471158706
567670357
970657576
193908899
1108840128
-1839310526
67650904
1884758757
-1107955619
-478675945
2143851477
-1943391645
1773628423
1811334113
1614801605
116586203
-1911263110
1044596910
710709589
1225777169
-683577003
688553060
-218913282
1063422654
1428302589
708864718
971955977
-1166978872
739426496
1728472823
-445165740
689252530
-559802051
-482985541
-1132383402
-673085355
-1200939772
626599322
-2082928033
1461403344
-2064598151
-118828081
-1139638236
-1125221956
758831613
909475488
1706945147
669215140
1110479182
236317943
-1672388766
-510379597
-1299292882
-708111566
58632005
1922977455
-1474485694
-857838282
780111744
-1175191258
-1564922307
1114596810
1500930337
-95205658
-1626958275
-654483679
177766387
-738656335
1285724020
1165045944
-944409161
1039128881
-763896309
-1327485342
-854790732
-187367895
1238750786
428870816
814376050
467404013
1078553563
-2140916170
-1331327039
1266602259
657972152
22177530
1955775232
1188912235
1965194178
-519725073
-1671507045
-2003002581
1501863181
749979793
-817479211
-1185747090
-1616188359
1687916914
625977799
-1887182881
-1191840741
1122331653
1127071911
722732465
-907041125
-1862554695
887972429
2134468050
162926559
35333193
960000755
226208095
918263720
-1541482158
-63006404
94038361
1761572092
-325151963
-1293872009
-1200946791
384251909
295791838
-1664142556
1243389697
-787706311
-408768587
-216715850
1112308980
-1998543686
733515667
2021091738
1086621191
1211682046
93428968
1309698167
-194917384
451823538
-755564613
1766320055
-515011874
-1175103013
1926156290
-459410362
1810279330
-689041346
1501241139
992802458
-1852016211
-361540350
-1591245030
1802631922
1070759906
882064275
-10464787
-1592083999
233881806
1881515720
1533775773
-1014160115
1916976670
761572679
-1886540690
-2016117708
1014694737
545021992
1609063625
349974128
198715310
335402968
-1388580272
413207483
-1522304137
-411325633
2109763123
1350929076
-24062883
-1101777627
1405936833
-159504734
-1165349577
-1810871343
-161937855
2090277305
-722924306
151211763
-473046781
1084553116
-1190467396
-1119637565
290992305
-284824541
-1051921003
-1209968791
-650129686
-1385061795
-1429267228
-2035183713
1726814480
-1439557672
1495599226
1046368660
-260153503
-1593843681
41384387
-1260314861
1633464644
1633721475
-1509466054
141543908
274766565
2064559134
1478976286
878955890
-603150333
1205688340
1054331493
1930108589
-915619832
2013069340
209466097
-254044623
-1819889831
-1313404098
-908011007
-1049601881
-1690734097
1760665822
-113619990
-1689591445
1328419622
-1186501128
-1607511547
46633839
2052470485
931134124
-493224981
-917506978
1252106142
-1862708227
1236991967
164820484
1112884870
-1587802667
257830539
-1456606740
1778636743
-453058228
824569327
1320631114
-657413916
-655398103
1226764182
1623550747
832797694
-1259745624
1025283594
-786642294
-947608474
-1075756931
-1989034615
266239893
1321099379
1498922520
-190784520
-685023248
-52855660
1088648491
-1009144809
1483116073
-1135045720
-31154328
1925830645
-1272822516
863404172
-430516593
-1884727642
1099134280
878826741
-1244322649
-1245548236
-1752229550
985164160
731403403
-264199470
1151230857
-1432134905
1865107111
-1005533097
-1000002918
-81458890
789138947
491803370
1439184933
70249053
-2112431743
-1167035911
1970757024
-1690941305
1529146722
-133339026
-1021742213
458243018
1031024910
331972900
588686981
-1709804064
1429509396
-847358313
-655378547
1696969462
-615852690
1678664155
-740880052
254272452
7691274
558630095
1395316866
998073565
-2055321723
1309311890
-1598203298
2121389895
-1396663751
2143330612
-976519902
-494047666
-1591552647
-1284779088
-1688791289
-615725420
-1744206565
-1059175654
1368739677
-543778195
1793621814
-40826860
-763400714
1676142441
-1035871188
-1179165306
731299012
446978353
189655786
-454641267
1221746625
-108917354
-1284004498
343081395
-1195882738
-1830484505
-1383241335
1272794721
1309712223
2054150530
1010694629
-358157935
1085629589
575962541
-797570230
-1715358521
-755631444
1816737446
1756553756
-923696575
-2044661546
-357366280
-56441816
-2130514579
-45853976
-170382833
-692829537
-167948646
-480826123
-1962769650
1203871841
1135502834
2013603128
-1046286112
1612044415
844675495
-427864010
704904845
-1864562437
1479353197
-1169972444
-483692850
-1846917679
-1446297305
-922834811
-1217430046
769202234
-947143452
-993961193
1111354530
-1171182033
2048040972
-1996535057
-2099238701
-694747605
-1109973546
-1519947549
1625892539
1836868405
103923965
-571714521
1823391734
-160402147
-1940371278
1702258234
-1980126327
1180573957
1220247763
-1157252862
-2110495945
821904931
-860327587
-441027787
-1760392685
1219648196
2059616543
-1787975941
-869291946
-749412973
1800964016
-1842712879
-2034413454
-1022028006
-1336063325
760313008
1933967718
524152713
509942264
-989378706
202070612
-1055400778
2128150485
739254883
601584464
-637653915
913389429
653396814
446852986
554184392
1545527135
-2088736134
-944071602
1287390536
-996009253
1489404188
860795450
676927878
702305953
481845759
1095174768
-257654628
-910842669
-1184346014
-562831875
33672871
1248289838
251177248
-785128934
1430724233
-2140297605
677427729
1391973826
-362589717
-1333523894
1235037104
888722564
1809436032
-584451102
1011540221
-1048542566
-326683247
-1770679949
1446343076
1501521465
1180102324
196834957
-2108644769
488571434
-53909794
-335177003
-1708753000
-1295874664
-2052625764
196712437
37355089
-2084428500
-314635619
376111828
1232619336
-430280362
642438515
-1964696569
1892749397
-1710604819
812411290
1346016134
246458391
2083450619
388998072
-1000254558
815568847
1196965585
-1625559770
-758413514
1172176779
-1245064864
179138223
2060341020
2134052998
1077029067
2120756118
-172369181
-1959573042
-2113679561
1037256925
445503678
-207070425
-1235826203
-750058300
-1670352706
1205326383
-1073370749
-2038685041
-1329774781
-1059588670
1461373886
-1455174004
-1662713168
-640912481
-1445486053
-723829164
-1431441315
76399691
2045317639
1374064976
1173349585
-301438667
1274626604
2037560703
1088873264
-892376806
33581317
-882486155
-823552014
-1506824534
1690005684
-324662106
133747413
1388850540
-3636205
1819048676
1165503508
763687134
-480847608
-1990535130
1622100185
-1860601377
-1890038756
-1412485238
-2118749457
1928924753
-2080857778
-1470533476
1751676859
-510533894
-888701403
1526260184
-1004600724
-663083094
-1287687932
-832587923
-1717705359
1485614499
-366634559
-233647549
-471529685
-907788236
-119355529
722987839
-2081954332
712777639
-852484197
-1656443195
1604642558
1479896668
-1501650355
2070252670
-502930065
778047541
1243750384
-1835319462
899068780
669490229
1824355324
2109362648
-608861340
-1775549341
-2068375278
-664264060
598502447
999413748
-967153072
-1956303679
1885502599
-1772534872
2142971366
204249544
-750382666
1714631795
-575273751
-1777508880
-554080879
-600391584
-574456729
-362715601
2137360292
2060007858
-1359545414
-1127507488
1583822254
1621004364
2028092449
1336784070
-678672561
-1592531630
-1376684660
-393003696
-1584422657
1529689359
306482358
744430366
1017963074
-1851180264
609128057
1675465155
1891910425
-668142414
-609088419
1798611916
-119909189
-574986896
-777113999
768156161
436640133
-1178828256
107646558
483322602
-1113642962
-785619481
347942840
-585163116
-1734422978
-1158531669
-739825257
1364675221
-2010749504
-270117456
158979430
1139855948
466702902
1644025221
-564160774
-365947027
94394572
-1988676063
-1776250394
-1463867716
62736337
-1400181176
1881989132
1438641432
-1249042078
1618301235
1434131831
1449015482
-2102543001
-1478116497
-899457688
-1750463810
1389827779
-315020795
-1433674578
2013723875
-798509113
346333146
742262074
939900814
2145843686
1440087384
248485618
-1287064556
1144982703
-1411895730
1177881029
-1268324552
1293678583
-814624236
-644907777
-1244794894
-1174663851
-1711029773
-2066102307
-708217230
-195986222
-1084286525
1409122148
-115218589
1557922017
1247848148
1221723502
-558753932
257742220
-1667636975
-350948091
1391516435
1396076272
-1423060382
-1299415053
-585771397
-1565744405
1149931602
-1250324071
-2073245199
-862897645
-1441911822
562612991
-1948590519
-1871438871
808467452
1355721772
-540166737
-1557296562
-977836742
-397640008
402932899
1812734005
-1189837528
1329649055
1193129797
425166745
947086040
-10504617
-841292078
812915377
1739262485
188464931
1002644334
973268066
1832269003
-1293230423
715478563
270316533
385771173
-1132039998
1920646953
192821257
659201784
1607455889
264295527
1868977355
-1815296801
390057942
1672741945
306653539
47657382
1448629124
-601005964
511539377
1064697195
-1837795952
-1669237338
-1723242184
-1161956862
-506219509
31380129
310300762
693979161
-1320233614
680461370
-736985915
-291990884
1170078276
1147472206
822948909
60849242
1325839317
1238401797
918837307
-103597080
977941602
784147802
1019438788
1380377029
-80941980
-690344998
1322305854
-886577985
325724457
1985861291
-1809078417
910790804
-387282785
85275599
-20467354
-1845740837
1185764978
-237979478
1076303023
1075274276
-784193958
407007169
1052905665
-2057036962
1972453293
-2123710780
-1041310021
-948539015
1837542971
1828522190
1781784655
-20276405
2065501274
-923422486
739854846
1625631671
-595436993
-1741733671
-1288782715
-1601986548
1021474447
-514017263
1431077270
719122602
1510476853
-508868855
-1973461045
1187514347
683542901
967703219
1586051543
-677887169
770241601
878320714
-1437602562
266232472
1508945867
-1224521395
1513562822
-1975612919
-1668774053
-1162704950
-71759377
-562939479
1500287586
-1021060385
-1671615841
-661168195
-259471922
-1033233539
-1209284127
1465641237
1315915423
1643190639
531599440
-2069400650
1783157177
781338778
94267407
-2107963463
1036209404
-1779401082
1985857019
-874972558
-13642351
-1282178020
-878325212
-477798445
-1488789626
1417969585
-255188104
2073144850
1476278941
1421376323
-1671036224
426538890
1786122336
178686721
-6985520
1431854814
1788817273
523982864
1812147194
-902059677
1550202943
993268620
1504186563
-1360260161
1630830228
-351857204
983413209
-263140147
1644213485
270577130
438530883
-1527858492
1029092529
-39918207
-81595174
1695641239
866318279
-803259208
-580601865
-1459263075
-876374166
-941776257
-964891539
-553739916
665445439
177483032
-545023815
-1366282717
167046056
-1686153511
-634744456
1984507518
-2095153574
-203242705
1106703385
-1151635762
341412908
564580326
-125101870
694734256
-656807630
-597199194
-381079593
736942909
288018442
-1882111296
-2140799543
-914928021
-256199307
-458137814
-687445140
-1924272974
1360544041
350879944
-126231395
743622642
-1983545372
298627309
2135851650
-2005535085
205759172
-1133495264
-618914558
-2134365714
189456341
-1397733086
1555357559
-38418709
-1220065301
299949103
624127138
659055850
-496196174
1746946692
-262660641
415684326
-381634045
584475169
-1961424487
2146050775
-627283592
546818512
1868266751
-664794280
823766850
445701477
1025301751
-1262874742
955083065
705399366
-1708383661
1047659831
92885300
-1781010387
-723491518
-1516523207
-1017923686
127388204
-1657000952
544014877
814207801
-93789199
1535930609
-1052978942
640334422
426450763
1713214338
1496468679
-1272030972
-1855795732
1488038130
-992119963
1537013945
1166041968
-1960386600
-258785896
742206749
-530398307
-2139886811
317612228
-775472603
-537284372
-1089755053
-1501574377
482494304
-1052631224
-417827618
-1899479574
229700752
539914005
-854399245
843491948
1939481468
78173299
-1757487769
-1308806015
1920207620
1069444803
1171593962
1888026599
-1077614731
-1715095
122609787
-569955430
-1523721186
-113502509
1470905118
-1396465798
1187633699
1119847098
837089485
-1017868246
-1080844144
2084544680
-918587221
764403002
765667761
-701613639
71813759
351645063
608442784
351626405
-1345007265
754839009
1609302558
-785195267
1831886251
-1502833169
1362136998
-1250347340
1179808317
1890244431
-1119161409
-985954336
-1787877154
2137103105
2109153426
1200673474
1025108475
-948702972
1515366843
2143825411
-1288180841
1732138561
726163043
764893504
-165205117
-857082712
1330835598
-482249784
2015254733
-386842216
280116657
-1582572636
1679646838
1961205380
-1529607033
624130263
1359843686
-715399213
-244689884
-1300956954
-1372877916
199220742
1790337097
-1805730150
-1899729215
-651332321
57763578
1963690499
1307769749
-1964009919
-332373170
626072768
346070317
-785625197
2141866373
-1545707906
400133379
1485762154
1076160607
1752745406
1522697839
640655271
-641856597
1252067546
-2123252386
-779472292
713798685
954424137
1741950017
-1605640011
-437815196
1335343905
-2065527481
1069171477
1625711484
1729827549
-436464947
-822881921
-465574848
-1563282592
-1283902699
913086263
-923033022
-539760071
-1647781066
1510997160
40324063
-1675118552
1691262291
-1499804792
911389069
1381690337
1897606671
1313788217
1705099894
-1727650545
1932182847
1599325042
-2144780726
653886363
1734104545
-1120974050
952381521
996542253
-1592798899
418929028
-2032302145
-1447107854
2072570282
-678941785
-1970642613
-1015690848
-1760098397
-1674731537
-452536831
-1436453450
-1545967783
-7486968
36725591
-573705720
1686737050
262582537
-1783218049
1982490234
-98984365
764953561
-1855376133
-398430965
-1872819901
-98037810
-828783499
-48418027
48490993
1764537750
1410122704
529853138
327935455
275159130
-1443124358
667767074
-781370368
101344031
-1088996605
1623477130
147432550
2024013936
30949875
-543956352
747173695
-885069766
433299927
679812069
2034421506
-936712202
176414109
253196754
-385639964
679659788
-45364703
1144725910
1892470417
-1593017994
-795134969
-313004289
1687631896
610310820
1062702794
932968408
1872334118
-2134795617
-1153957611
967852979
1812252278
-1142375567
1071997521
-1298482200
1653270663
43101379
-1734083201
-1417635875
-568576880
49519558
139865415
-1821587065
-2037254991
-1830757034
-1996217009
-1133367761
213735274
1916048989
235306192
-658929799
-20705712
1388840565
1337347687
545751201
874226685
1990154449
-1302396632
-1740159992
1880079688
-1248321700
828051193
-1284872977
1607383477
-2082350046
-871998436
-2034818687
-1464113361
875248879
-1983515635
1588216086
-1132872460
-1577784011
-1643233395
-584969547
890753488
1277502002
-1303508994
-2133045285
-1542225523
-1408940718
-1556751375
1906894714
-971999831
-477798191
-1506236163
-1445989052
-1441168055
1027027620
2090573522
-1471583960
2038669421
321718681
272150413
340337436
-1942504859
-1777938244
611860812
2039121693
1737254788
1295641853
289137925
569560435
858726930
-1689857777
1052583571
751932217
1395157638
-833000558
503368209
1115385628
-553306380
1845482355
45091435
-1938649501
-1874492
1265948307
-970019535
453877294
818292644
28462758
-1042415698
1238205698
2037552319
-682008483
350884153
2006364292
56877358
-2067986233
-2113945910
719748
-1922440017
238918900
-2145426480
-1953664963
-327423596
1693065179
2024358976
-1001821478
-764086531
-1354329475
150864881
1277878332
-854717879
946119241
2027863846
2051919098
-608308279
-294757950
1163761772
977735849
292407990
-644303009
-1947676762
889796956
-1569969051
-210874703
-2029537690
-968096914
519617208
-1832888373
136573
-1031433858
-1033597481
747557085
991942613
-1796169542
-178549472
1277072930
817368701
587939168
-491396261
1451135996
-383540731
1336785794
946864690
1311471452
773408011
328333321
-2057639713
1553170535
-297960427
1478436347
-1359109594
1328700246
822791841
63876096
-2059653754
2132222877
786658683
-1446848991
-1041807445
841282895
2086607437
-932159533
-1130641882
2139140288
2113698940
1908939316
-1366328737
312792171
-477622479
442380947
-1454059575
-323055338
1711662261
1759567158
-293758632
-125469645
-1325499647
2080925782
1738064432
200377481
1442004373
-951649426
-846342754
-750187245
263770248
1847494324
118788683
1144738344
-255690528
-1083726105
1194720430
744062171
1816868387
-180584117
296199362
1719863460
1677615405
-941171727
178852601
1426087743
2072699972
1382086204
370577519
-1538208044
917069929
-1578310241
-186401182
-1285603753
-1244736528
2017360555
744730850
-1960623055
-146106797
-185601464
1726709956
938115871
522698050
934934338
-1263040292
-471830182
-1927856387
-1922320377
-1647656342
-215421448
640247270
1445467310
84079828
-398178159
-1250793135
-935777989
-1726763883
968466213
1008680862
-1071925215
1422208373
-630278595
1681718666
2021144839
737399802
-1025331377
-1966713151
-740847665
-106980834
-1393344154
1387271095
-1573015597
-1943882943
-1272293374
-723087177
1320464241
-224300192
336346172
96180795
-1200156727
288683399
-1698911186
543505022
-1055900475
-747293308
181634193
-98350001
-1464432295
-568422179
-375398234
1101719336
-1936577525
1541006083
-1851599782
1909717119
-472318027
-571625274
-1309072220
-1049190821
1491012745
1796347659
754819633
-1825892567
-1095230122
-737644355
-253490621
-545760561
-1694046967
-1976375295
1990627798
673886465
-94734219
1064789677
-56721660
-1521690412
1145249878
-75720198
-457018198
1356043664
-11286637
2013724023
1359696970
380941513
-321549885
405217600
-987047374
-383786576
1548166641
-1152802960
969758686
-1927226970
-669361757
-917736237
1297232026
945280530
1673357337
-691752736
-1635976085
904806259
-14724654
333099237
-1990494929
-1128596040
1505853523
-1143842173
-2084924925
2078996943
-414062038
45615453
-414747420
-1950899077
2113205041
-1862130676
-1440805224
-570517910
1796640015
-1249735595
358194382
-869622394
1661885444
-1006477666
307062404
1443875722
-1034230812
-40520548
-317302104
1164007897
1895039331
912023377
329676034
-58624374
158675860
-1103115211
779947344
-623358265
585398699
-561149517
560034994
98626135
1021495562
944840406
-513833656
300919928
-1889575046
507980356
1342900249
-1851814414
548894136
-2073101206
1291392310
1813013608
197137972
-1646321416
732746270
32623344
-758113260
-1026258032
-1742261660
1962639334
1237098110
-1271178311
1965006479
-1104327683
-686142441
-227840999
1323672896
-499267946
557480646
1103241443
-347465062
1379961684
1166208956
-194631283
1005603293
100775151
1428923320
1813588422
1531845972
-685919927
1633552263
-54100569
1068261489
616153790
107318474
-675443416
-790200267
1899152063
1247377147
-1820761387
263941589
-228787807
866400433
-742491712
-428374118
2068389810
-1488133853
1425209017
349809672
-1724916851
-1708433942
1797570748
-493626558
-1520021073
595105034
-730583894
-286651732
827562313
-2034787534
1993420860
-2030563630
-393729449
1459980867
1566855220
-2125348984
2106956017
-1431192562
-1713652268
859748945
-1319751200
1004039522
-731359340
-872061180
389631091
-707392187
-1984069362
1137648300
220358035
-1609974656
-1541274051
1072280752
-273262571
-2000567968
584023526
1674080819
-170703281
529855419
1958797141
-1352027203
883230957
-1323801295
-1863827636
-554991334
311506693
252758451
1758390328
1986303874
793975656
-2077006775
1126318502
-557502983
1683041082
1770159119
-1125958924
-153805832
-1363488316
1502453120
2031430987
-459585971
1586931080
1134439414
-215717684
299136575
-405382507
-1705179279
-150216439
-1075970315
-569965028
2131118742
650423478
-690301673
2106165060
1477207291
-704557921
-1222640459
1202202938
2019300769
-1092489763
1029665128
-1902390645
-544798271
1936595780
-1747522378
-589015627
858989515
2071171615
1597648570
1031583482
-1417105749
1009856030
-412701436
-106071177
389677389
-1037033329
1416154045
583816565
1818449507
1830610636
2117666063
-2091269633
-1440097179
613725172
-2095471933
-2132644940
2012037593
-353156643
1810099755
1209231070
-766557740
1400388937
-249693631
-607282494
-662113088
47890775
564161552
1878387769
364767582
399808059
-433724078
-830145153
1585007118
999696177
-2037123750
1781700426
-92171698
1940874158
-127421388
-1824125154
-1963747200
1594425304
-944870391
-237617441
610136047
-1051932616
1872032968
-1168580185
-392042733
-1965884242
1797170691
-552965670
217032212
-2112493916
-1002503402
-139156362
1770467724
1712070278
1839170958
2062269871
994071953
-1847774095
-468899385
-985761094
-1367884559
-1855213526
-165699114
-179323671
-1340098369
-1637180335
-848932183
-727932425
-1332249586
107221205
2055569261
1830016421
-724316164
377057450
124798767
-254285691
563119090
1627213498
110254277
-1261453292
-1712185815
1049767448
1971749102
-45779954
-76312465
-8875653
-1272613192
-1627050754
-1670122198
-1117123095
126519842
879941652
628398237
2047235250
1247942913
640074810
391631465
-1129158497
-760222169
-1492222872
-956992681
874082923
1736044225
907047735
543279956
-1367218062
816167424
1074156468
-560952388
-1340015192
-1893851398
902499191
785189339
-490632244
-1656779565
1079435763
-149576273
-575476516
-170335977
-1313525490
855660787
1531410379
754989162
977572595
1621799512
-781085583
-405691037
-1351902937
-1768439531
-1198941502
-1591217741
284778714
679654562
892727618
935185805
1175099519
1414870207
-1408098632
1344803138
1723910814
635221435
1179173665
956298538
245563880
-137736974
421506023
1402889162
828119692
-683882090
1723103058
1714932275
-503556920
-1127410254
-283411650
-1355150680
-517407550
1997611884
502915854
-71010941
570309527
923396746
-724616992
1848372312
-1525389900
-1556792778
-458109438
2080084826
2119916133
-498834683
-293292381
117748989
-627849045
788856117
1038437581
1226226653
-1118343855
-1139192010
1685679762
-1339922723
-1507942847
1005721707
1881598853
1058642835
-1832732909
-1873558479
-766519956
-1324385565
98712294
-2134030049
-1481201613
2117245929
-125517965
-249087857
1936227618
662016284
1839854942
-1137327523
1782234450
1683495855
-850370097
-320818962
-1286797475
679850298
540384577
-1428119180
198655060
186922905
-1218761831
1927347311
-996743179
-1577575660
125321594
2125099638
1152284701
2100372160
1781664471
32637238
66844539
-536500444
-1032239415
-1079720773
487866246
1014501150
2013613218
-1438050066
946525616
670873351
-53359039
-1265512610
637396955
-1586190827
-939136089
-1513587390
878779404
1767093761
-385848374
-327146050
1517889373
286200041
-1532088663
-917388187
-135962568
-1587861130
-468898656
1199078399
372490178
93229377
370120444
-633639541
902760084
804344178
-566759982
-395347065
1147009200
1830201770
-444588276
1664843118
172352690
98130210
564855492
-823285887
1232202309
-294595052
960547028
-61265206
-1012681768
1201149785
1970023341
1931432285
833197970
992269395
804748392
431463137
-635350141
-1174905076
1745214490
-1556177586
1563285787
-1272873825
1159083627
1565240823
-1778787361
261677014
-1029516951
227120842
977803097
1282943508
-1870035303
399432663
1861058639
-114977163
-1030358705
1446401294
-1658792648
-1007897805
625499711
495001676
-481410581
-1407267509
-1131894701
1427582872
-338359655
157020767
-341889346
1401681833
1610641917
1850715358
969482320
450953899
-1528017199
-751116703
1431328780
1662544706
-703003517
-1772725160
1970497271
-1438284850
-1116089560
1118843621
853796658
-815125008
-972836175
1541386759
1550740554
-447502771
-210621093
-1274369797
-1027562289
1150404754
-614797972
-998738978
-663256797
198184887
2013262363
-1248477289
-873958509
1418188422
-1344561201
-199874573
1001790891
1266130014
1155604364
2081362960
930217669
12800564
-283197014
716797183
395442147
1331557338
118970311
306072229
622442686
1587343747
-536692226
-1026813215
-1497011682
1876569478
-931861672
-277772557
-393991828
1561432674
1273926018
-1776530661
937830789
548635906
1758507968
-1763675008
-1240757040
850769729
-682035935
1234700627
-1294054254
2139102895
-2031436300
1614274356
120766848
1122767765
574425210
573144020
1762632085
1885854774
-1337211684
-1882203173
-401111259
1504782423
1919354975
794248203
-585411278
-1950531326
-1901495339
1934524580
1887309054
-175247226
1019395414
-896911606
344451297
991848129
1352247600
1303981477
-1538273188
-142369376
-1642742245
-1541755384
1388280173
-921697818
-1164046159
2083939668
-660092124
2030199853
-1227914724
-645437730
-769632906
-767265238
617819664
1661089039
-2084179376
-1203939275
-388414469
-629672821
756671471
2080439047
684441467
1616326037
260310126
57498052
697283600
879542194
-1366304096
257085500
-362602478
961407883
-551180257
1272254829
-179275035
-1220634857
-1375877979
486965836
-1248824726
854929401
983423641
-1852310332
-179991624
-959459290
1897191661
445857534
579115787
1344571594
983805478
-1447654685
324552444
412153708
-909238084
2087467486
278727410
-87324337
573593763
-138327834
-1955173160
-1917120229
-852824535
-1368776517
-1879746032
-1245736259
-884960766
-1793778065
-2070749274
1432447370
-1944214879
-281108441
1084338632
1380592810
-302824760
129145378
-552847755
62715315
-1386953374
2357242
-975435915
-1963332204
308249232
453135914
828579720
-699186252
602040833
-835018800
-1431427358
-747113638
-289675642
-1525138253
1600819925
-287638705
66709220
-1220084858
2095221968
-1553732671
-860807188
55071853
-748956537
-385880471
-1539449911
-809427007
-230289037
-2139575056
1374808728
-518128368
595085181
-781665906
-816281539
-1670863257
-1551605003
-1837408780
-1317909644
1829286866
-635236408
782234732
-958893530
97424163
1193889778
-1716048067
-606593283
1984935922
698123569
2126705235
1032543290
-393787419
1586553339
-1224236257
-1090586683
270452529
-1882622543
1192759996
1020365957
-1997108896
-170899437
-1833736622
94981362
1035856468
-776980490
-1796300353
497246951
1575457675
1860276533
362395763
297334972
-599371357
1100320228
-1721087845
1531133844
425934369
1335637707
376726657
478742258
1986412909
-169650414
-602141134
181778834
-1820970720
-1320913096
321931616
-2109549706
-284815742
1916998473
1519052682
811214142
1054419278
1069252688
1285452377
1044936892
-136303945
1201026313
-854730675
-21140793
464342191
-1382389285
1627373464
-2012311985
425607526
1521894404
865706825
1308699826
-1329688816
566362133
-802349395
1358903117
-1454545941
-718876767
-1083962639
934362708
1878926976
1781095985
-1436658932
490766566
1849378344
1042493818
679387611
-685675941
254218193
-1359652655
147934861
1383600352
-712078590
-575528994
-2134168767
-1607628474
-910253284
-131942256
-707520020
-1595530218
-1834213151
1453920336
-1611953280
-1669994520
904083514
390939768
-671920822
-1670259468
901492276
1472817670
1443842203
609353193
1369103179
1851628684
-363915094
-192880131
-925037077
1600227435
-1379886408
1442018373
-1298919117
-1691884480
-900146059
-88847290
-891233285
-803500643
-1491923806
-1569489973
1317710872
1195719931
-377794057
1373955576
-287960610
14943471
14003270
1170502559
650293222
984748188
1064256479
-1342654255
-536956144
-2062396056
-693449930
1673650104
1028343499
1459301362
809424579
-1771311964
-369260141
-1522727869
354897705
-774328477
-1627667013
1342417219
926507418
-962136620
-850464148
-463222931
123441784
1241633726
-111361812
-827479354
777639488
8131549
945732131
2019125259
-1956129629
-519494082
669986907
686810409
-1209943563
1248206796
1439500615
-812157711
-838976822
526032681
1619240006
35781131
-2044023330
-1671255359
-1598791448
-1712995029
-957063115
147840029
714312112
-175529341
-68122749
1199664244
-1207785701
1283443320
323385037
-1254623609
432963297
-462247529
-443156145
-578616914
976700282
-979258422
858650528
-661411283
1481488355
-1604602170
-635057388
-1390347573
-887600223
-2035851321
-1523719327
-1086338139
1763668742
1895950463
689087108
551107135
1160822706
-148431029
-784952603
-813166885
807173468
1700085415
402086841
1867948814
-1054222638
1186088932
960698279
-1755570801
943310654
1973409048
-1713770067
366024529
-1924047958
-836397483
-284021691
-903807532
1707608261
1013575196
-1749879101
-2046900552
1742674151
1152606483
-522406656
1473824915
-1101826478
1927597302
1480301884
1248906499
1321948602
-1206805813
690737216
-199577594
-1273658106
1827037273
-1824239677
-1519050616
4743768
-92953382
808482574
-124430787
1865072458
-2017477393
1125505506
1473761457
-684641157
608694739
389983641
-1944751204
-486626999
-562534445
1419714698
-836922246
117380063
-625379331
-1722924110
1548406107
446674289
-1657245417
-311334257
1813096695
1528321734
1201992658
1168319823
96828421
183322870
-51683777
483211562
264306636
-2054541707
308673154
-1140901109
2061861369
1708249167
1197860036
1933684853
775732659
-1182825548
881843310
1543494308
1471590892
1576723383
1134064787
715165682
498993402
-972627118
950949805
-1417099396
368239973
113343405
278434443
1044953861
973416450
637106847
1283070602
-1839283431
-2119924928
3421556
-980745469
302600565
-1861357631
-2112543759
-1825892861
1800646054
-1541188052
1802872724
599311425
203380719
-1351384511
-224689377
1339203660
-710527377
-1738165459
-1210005929
1197005060
-720375677
-182624993
-435670519
-756586678
595008617
1625288730
-1247455155
-1965497606
-966712539
-1810909172
-223347442
-1855114471
1014365863
-462673376
2127461064
-1079079605
1869821485
-59165872
22753171
1868724359
-836256538
-1393271747
870659681
1996211981
-33777960
39310914
791474307
308132758
-1385666558
-539441722
1033970545
1401933261
-974499388
2052021713
2104078026
75809278
1594540671
759996641
-1051124071
1175390220
447159160
1686821630
-437346855
-1958242904
-675852031
555952396
975572283
592162751
705358042
-37510817
-1284750811
1485395764
-1519584556
1422324116
-1259752962
1008291023
-1888151625
935822750
213257640
-1474240396
-549111195
2136312863
28021070
2099576727
-472701122
739798008
2058947679
-287623441
1784536518
1176076067
1224599001
614243177
-1516896123
343877311
-789864246
-76951969
1560958766
-52654996
-665017069
1252954377
1909968643
917218521
1212698735
1290181427
-1951490697
986466202
-1531407437
1361881392
-1372296940
-113479618
-853172138
1842869518
-1796891489
1173028000
-157259212
-841249014
1897285753
164068477
2021458318
1440631110
349517383
-599333305
-273020587
-1439094087
-1401285931
348013880
-311243353
796237158
30528055
-814631767
494780057
46386128
1567273521
289881251
-600747209
1651827116
-1766621480
1005740982
426088648
-955505704
-927466120
-1939437047
996733525
1865749387
-1719754312
-475307598
1258474604
991695054
-1683361540
-1341122489
-502839007
-108384213
1061304330
1466893749
1017849941
1107048355
498235119
-67308465
183988282
1576531684
1749919523
691820073
-1750033898
-933073221
2120204267
-950142041
-184727738
1322023879
1914707198
1440620368
-917192059
-1110247313
-1324274837
-1413096729
1090376046
1107986965
1723039929
1910921660
-2048222657
-910258805
909164623
-354132929
-381247009
-330443067
-486214890
-348135211
-606591455
1365718992
-1477233316
-1175648786
-1398384566
-1609366782
-1459822853
-573540009
1282030544
1922432115
-555710022
516098252
-1872220828
739077803
1930992114
-1897584687
1823233586
1315657372
145173876
-1270579519
-1400598681
-1099638062
1249350826
-1604135130
-457803277
1590985192
435927547
1011808587
-845623665
1718934589
1378753396
1911901968
1076046337
-1737517848
-1702413660
1599561725
-1736975970
136846824
-1258314042
-206144872
-425759728
-907514976
-400161499
1521426170
-1016722855
-87460991
618838972
1661468319
-1077486312
18375176
-1258741220
-1479498370
-1454243319
335854571
636509330
127475801
2042484178
-1116545394
-1307818616
-666028971
-207841797
-1768844356
815860011
198376397
641441598
1586015379
244471630
-80348062
1463929856
1434572734
-1854320755
-115013034
-436816097
-1934874903
-1308980299
-501576422
1786046190
1626208113
-829952925
904657189
-1499126659
1358967387
-580908054
-2064215290
1744929565
-1142351992
1163361146
535613372
-1945969630
830212134
789982845
-1784093115
1308869354
-286849944
-1506428860
60712564
2022716702
-324153224
-648855582
214821127
633965367
-989989716
-336441768
1035676920
1325034820
1615203576
993778418
454506003
1794035689
632167331
1903639023
1238712520
-245350998
-1128934595
-237973145
1937416002
2013720681
-937882672
-790841239
1575408567
-1209762003
1734989653
-461265821
1406303233
-1754979292
1876093290
1239075014
2014896750
339795690
-731101632
-949646102
180963283
-690620661
2125950170
-2017838034
1899641575
1548395206
796356723
190649443
-81096499
89904660
-361974465
-1054386582
-1147088142
1100709352
-473742250
983448859
1173567001
1379969975
259910381
1451753064
-210800973
1355838777
-250111802
1315781313
1438316147
-586249103
1865921001
1169653434
1249482530
-284109845
-2081601644
-1593591061
2136034991
641823556
548433007
71947799
658497673
-1328599057
1973950467
-1125597808
-861427663
-1195110859
-1599713939
-1816619047
62816522
-1862893955
825456974
1899691405
-798828685
-1802921267
-1222821115
-316973954
-1240975593
-2081081200
-141816544
1085270304
296610435
-623455591
1558610191
877511208
-773357576
509120359
-1493171686
2001283696
958941058
-49551446
-428059756
2091187485
-1073734071
-1964396282
-147833264
-251478014
-1459021018
922849558
1020993876
1268185159
2083188856
-662758221
-1826858548
-503601851
-1814948040
1850419061
-1740458431
1878328756
-1442441397
-1141635207
-1715246838
-1092941048
-164921065
-1477455516
67710466
916201239
-739021735
1056428200
-719087750
-1166794754
298029108
644661254
-303450511
2143073861
905922700
2024244819
1721930242
736782657
676011156
-367887490
645472797
-1172564550
1802082981
1495497168
-1087848071
-1764185396
1055497553
-1106296970
61491913
1408323858
-1295299144
-980229060
2021217581
-46374912
-1547536615
884500379
-913554453
-1019230832
1108475819
-1102603531
210836830
-1725447136
-932865363
-169546722
413949230
-506385766
1355548604
217306142
1997944257
444361429
-985304220
-1972703692
-456788752
-80661958
343854328
86244126
-2078113795
187721898
-2087967323
1611814039
1638537925
-1790133857
-402559803
896439585
-286069199
182455184
468327792
428767236
1737032178
-1365866086
1008054617
-2079574635
2051382636
682500956
1916267734
1582358459
185025522
-422336734
-1128703936
365527727
-613367756
-1061889468
1996847741
1179061762
-2000096523
-906939440
1273604314
-1970976284
-1468245760
-393667226
-1049591779
768957602
794590300
1048960611
265509594
-1901288336
2026423486
-1533897406
1692162309
916515176
-1515234497
-337583298
-676803384
2103913426
252450126
-700830150
-10149738
-101018970
-948528409
1170775269
-2020046208
-748339634
-1297073148
288436505
-14147385
-100858961
1412770132
-833969020
295576497
2122470250
-707001302
1280502665
96178336
783274334
-657851977
138379880
-1104719265
-1431478159
-995041924
-1327306597
577741503
-1530812784
-1901070599
-2023494013
751268194
-2000073485
1636267690
-1591101116
1429398486
-2085912411
1733936691
-2060869396
-2106375451
-1334347965
-516610087
1840401626
1832118570
-112264189
492001588
1671541341
-1342241049
704530680
295972130
380230043
-543535338
2036445331
-267169537
-1843229517
-1730616899
-507651220
-196562670
-450603738
-1544484986
2000133698
-1566166967
1502309234
658084494
1122282560
1564256041
-1639482113
2098985085
1086237057
1889361407
809987135
138770902
-78224938
-687049125
-1868665072
1458760335
-373479482
-269748290
1483878244
-539496476
1995874262
1115583378
-1038626269
-1982085273
1185250313
1100706905
-1262483377
1089661787
1959390121
-1998640087
326143593
-419551166
-829373624
-2038294953
-217334254
-1660094539
882811137
1050443890
1141708278
1760179315
-600665853
1214590579
1705761765
-1447593029
540014159
1127845426
1602436418
1171050461
769113024
1798385178
653365664
1901547534
2129989964
1122331424
1146528681
-376759940
-1262339704
1160874480
1819485250
1625925026
-1207030927
2101260137
-1582715924
257898972
-1133245336
-1334678453
1107553901
705641533
-503200130
1544409135
-1768274
-875527776
851132146
1119238071
1048309990
1037560061
-465833737
872434181
647479544
-652158979
1636888761
1554569584
649130778
-100111153
981572258
11443061
2014445750
-511084228
-1138920744
1815800811
-582798444
1607768824
2127165706
209129338
-1451480776
-740227781
2020832364
-1857115827
1881122952
1346883472
976223231
1006065670
-1804816974
-2004558355
-1881915627
-819941902
-1898327988
-673860094
569233940
607058045
-1119983684
497014229
1737425785
404130536
926880217
130899854
-778797792
697598008
-1884717102
2066230927
-724748862
-857921423
-272257714
967354824
1207006909
-1515743996
1096869332
1613686600
1709046299
-1157564283
2042182765
1567749398
-397122356
2009714080
-1061791352
878336833
-606953162
1114241357
2135343901
565848885
-2044273169
1969773634
327615251
-1717161905
-2021772087
207980457
1674203110
1490621876
218643982
-457144045
284334980
1673696606
-852880372
-1440218709
117451896
-59636617
-1411413293
-1932985170
1855923530
732745962
1787928636
-2081408742
-33841628
-1787378635
93677614
-334898523
-1333054280
794500996
989264156
-1120487952
2131048033
-1675434757
-832037679
-680678404
-1464809336
-1902779821
493013359
361941213
-4017335
-1733734232
1762371252
425007532
-637881771
1062739344
1365320575
1497329089
1330278425
1787703663
-1962418286
-1468565727
1078890271
1162954505
382561689
-1486225867
-939235916
568797272
-1408847509
-1252385603
-1246933045
-782080865
-1652597105
-1347111933
259701537
1123799998
134503169
476615251
1789677985
-282035512
1508575796
194444202
-1132730871
570467794
1217643611
-1040741972
-1362557236
1344686861
-1543111196
59086555
640703290
1105595159
2108220228
-54744826
-1822871843
-1803591027
503540985
1661767422
-1861890266
1182130404
-358928436
2055546255
-904290487
741767288
-1061589673
2051340206
-393083292
389626853
1347561670
-97178130
2124258278
-1963909994
-1816050719
240156985
936326702
1172340378
-909252535
-849730373
-803160206
-213731906
128237825
-976954591
458487010
-1473789993
75352112
1389996802
-8555508
-1897869217
-1599427292
-1859066211
2070461058
1517388098
-1709762918
-2088273211
1531575225
-492651270
554976572
-1423591144
-165875405
227653081
-1780622742
950800759
1918765280
-295272795
-1445083332
242052785
-2084727359
-1753016215
-1148082233
197536385
457369295
1916078474
1498680991
-1403401030
172976154
1006686744
-93289315
-1911486016
1833972276
-482356890
-955170590
1079292986
-957436977
121532635
-1828594405
496604677
-562617948
-1802393590
1563593222
1495032939
-1372161898
-499634688
-627341260
-856931436
1459510807
2022501342
-153556721
324373820
655465162
-1118468954
869456926
-1448751450
850422634
-1450113447
1548160135
207434191
-845741079
1264064576
-951332139
762365415
-717315876
-1721681270
758005499
1199856380
1037290261
1271982871
-996655463
-868621064
-1378176623
1613153170
-1979948163
455055821
1084538260
1368777925
1998130795
1638219502
1145619730
623395623
1430061601
-1105962496
385974097
1190242490
1192469140
-1223804719
804003787
76578835
912221312
-1177680760
173751128
-1366836038
-747818721
2057065502
-1483711604
652113075
-1619803593
1472524813
-621747107
-987300004
-1396819366
-952710842
-1359925239
-136794759
-139362967
486616423
523961654
906260109
-558887591
-866061779
-985478310
-1944193173
-1260884167
-1992096218
701571420
135806475
1624661107
1011451051
1581038203
1303207585
-1648409519
-1698991347
-1788172945
-929612309
-1133059645
-443114226
1567187405
-117474102
-1465849505
176047251
685598639
-1144876780
-1326378072
1169725590
1102841235
-846522456
-402978926
-786946207
1597749379
176665538
1689774405
-271728648
-1381014922
-1781592177
-1055944415
1173518038
-2106326282
2024460803
-1123045630
1533067740
2121192962
-734290454
928734660
393142150
-250348235
745893437
-889066743
227278175
-1295247577
-208346185
1888737081
1826935222
-636393198
1982027686
-667332150
374054034
-117211464
-760690682
-1258441280
-1091910686
1941595268
1384640715
-2101884297
-1962377479
-661594129
1685202557
405720224
1435845944
1966033445
-1717189110
-2103934071
-22678516
328659175
1728269783
-1500715360
-409608165
1678254515
1731359767
693114681
-157530695
161170209
1691471456
1813754510
-2006725472
436707471
1346428539
1713160199
65671904
-1684485120
1295882363
-378814532
-287804652
-1057113535
1720432144
530095415
1978038742
1336606029
-227710180
-1816360322
552189556
1698414834
-551923834
-23066801
-1807871261
953380275
-1545956785
-844916563
-1133756685
691803632
1866058210
1526592667
-324748604
1973162308
-299502161
1573561895
1745296504
392129069
402949370
-695177815
-2012861143
-292027918
1108375279
-912858804
1925437725
-1998483775
636610554
1473712589
-901812424
1543821335
-441409451
566966147
1273226161
459789668
-1624737823
-2128761954
1454049800
-2146528530
473932602
-1082674765
1206254135
952828149
948715013
1974785399
-1828055769
-243789545
-501766517
667410634
451239013
1191101941
784563851
-1159025161
1234440469
-928376553
-205691573
-847095238
-1950560730
-1338451188
229359344
1186307202
2050462151
-9768491
403643663
-1354021769
647457304
364484995
-2047271805
1514350013
-1571440348
1505790751
-822948736
-503581830
551109647
702033353
-302386456
-1696804843
-1585282677
1019164195
-1759657507
-291400383
864672656
-533440529
-273100138
-137029575
-384575412
-297341450
-154175114
-1946882484
-324379049
-584074197
871810906
1349416348
-745961430
1458647056
1419365426
-1554176478
-618546479
1343275865
-1900548398
2028891892
-669518881
-2051971890
1989176842
-1043356726
69763747
-1385100427
1331453683
844021438
-840982376
-487991313
796507275
220133970
1147051297
299460642
-612410236
-465664073
-1717858187
922173720
1524292952
-1769282228
-1712010793
1856860966
-1458118239
1835374948
1875930379
1718934608
-906416986
1805866316
-661392636
97037548
26047544
706462859
1288077793
213586564
757791679
382766187
-219394022
577711360
-1261417329
1711685560
1658357494
-346377724
1443995519
1494371015
-652847040
1886642839
143379388
-917693511
115424057
2073474820
1754713818
-959968511
-433093424
-860461820
-1123007957
-161822686
298962704
-853629924
-1312337580
-1718333763
-86187047
-329624508
-157743587
2035787722
-977592622
1133210313
-454754937
2041379621
-1382188386
-1034270349
921688611
1590932812
64208205
-1302273046
1883899809
959104359
1830189076
492328789
1487315879
1129330568
138726976
-845817789
1962385379
2083106610
197343080
-1848763698
-1436454557
1906017823
-272125726
-488335107
-1393958621
281842493
-273477001
1727945578
-571813401
-1305420294
39746138
1449535524
898305867
1249231297
205456469
-414565418
2081192471
-1039252029
498155588
1798959400
-991943208
197569786
-555672633
650902116
-211403861
62030442
-1596312782
2000425309
1229502043
1262003625
-476594744
223953292
633162670
-516613215
-357922519
-1089720197
1424758523
-966744171
1484699656
860817509
-1937909504
-2102759327
-760072160
-572069602
-13770510
1211119109
-1282923672
-355925200
-1435962668
-263857309
-2070642555
-887897785
398704396
1589987399
-528542081
-1591303218
-2052538574
1944840104
-864860233
1156166361
-1605989333
-1650768339
951986200
-1627411899
1388642678
304518386
846938764
-1481882595
-2108112443
-1859185525
692306354
250234175
1311895759
1051569224
987426765
-54316994
1639724644
1500000698
-1492237825
498385546
-9216319
-2064309130
-1095867722
1561239502
988884005
2019090968
-454430875
-118173799
-972149340
-1183607158
-1716920969
-1755713217
943238970
-1020826490
958052992
1796098561
-1648224478
1821557337
-678609995
1781469547
-938195864
-1959631128
-997470050
-703356931
2093335229
-998497544
598355209
-2037619699
-1986205814
96604841
946798145
1495384299
-1946211258
-1758227645
2080849792
-12633018
340482572
-1327969996
175497633
-31875635
-1099802009
-1699610023
283752985
-1092295399
-99892880
-202082180
-2096173785
-405194295
-94345957
-990758883
-925874358
483670510
-1548315188
-2083311755
1414543859
-1688843607
466668592
-2111723081
405303164
-1351495917
-783753142
546093720
-746968488
-1472435876
-1786831412
996630033
-1152851062
145795638
-1737111128
496193635
-2110006182
670093939
1516694757
-990715301
1752864582
532777708
-1251247946
-1016246825
1344498743
-1004685659
124262343
-1371189624
-1088771084
-919420114
-488292134
54133496
-538704165
942086987
-105029998
468081103
-1877005619
-989683753
-1209720689
609455953
660327530
-1960097052
473909690
-973635798
461934462
-1738120921
984518625
211799661
-192707910
-1838099053
-1163042683
-212389414
92938918
-1622686909
-237199629
-2073930657
1018304470
-1503387236
-1753763951
-851041823
-1787616165
2142967474
-1112710023
1587640891
-1629621124
-695825430
-708665525
868257926
1201850022
1877993697
752663614
-1083147621
751181472
1391532172
111090296
1325249749
-619644926
-1923203936
1369986464
-776954341
1647127527
877441844
-844036944
1992765468
-902431263
-634236253
1423381007
505116636
747635757
1164050359
515768542
-1399156112
-1906647257
1413022211
635286417
1571303941
151155711
-207439217
182355906
-775491802
597466797
-20012870
-1334125759
295561789
-1994682590
374253916
1900760687
-151486118
53233087
-1483572182
-245082165
1675959859
52159242
-837412002
-1392444211
-1629200277
815120031
-1545543273
484426738
-764794858
-860391068
1499199997
-2051787752
-1845083011
102203136
-1017792856
-882871029
-257766626
590195340
1534683458
1070589279
-308126987
592773771
970564074
-914048641
445173761
-828850153
-1079707557
-1535641594
1820142337
1089344861
1375454029
-1173592243
1285271934
-1583388853
308240923
1070219332
-2080667122
-1295716729
1318714533
832748165
1958435030
837940130
-427303561
-522730074
-727932848
301800077
18467370
1435861966
2012080717
-1992462005
-1652949494
-1676650102
-1728053955
-553830936
1068739320
1339270881
-647847506
427722665
-1277746030
773488037
854178834
-352487548
-1785521776
466413835
1732492996
-220320814
-2032304272
-1571710338
-1309231027
-1242302
1020073045
1225592751
-1842773534
344072977
1617861420
-1922791952
871551537
-1934082953
-1334888944
1370246850
473970780
-1258597020
2049409775
30300588
1258505029
322531435
-349610387
200214349
-1653384948
-1975783426
-1842581240
-1591502412
706151125
-1268846372
-1252791684
-1884367377
-231755570
1816090566
-1635119256
-764564767
877607536
2119140984
995392817
-1587089063
177118980
684583895
642664485
856594783
-1336817048
261612390
-2086447133
1442699471
-1208196590
33986558
-910514693
-857264340
-860365227
-1179984450
1106461393
732320429
128676835
479737663
-1926085434
2042190492
-687173230
-1942062580
-214039144
1165081312
1885795938
366265937
-1933225463
553706712
-2097175618
-1706048047
616001470
-798121623
-1701433342
352871965
-662954646
716994650
1676164413
1490518530
1172893995
-630802210
-779937737
-289526205
1539553587
-1763641486
1183040437
779722119
1819787947
195761385
1026946043
1541197716
-593614125
-1502534972
-307708271
716799933
-27812243
-966412089
-596114870
-641399143
1366829915
-395079736
-797586559
1652368117
1298925703
661485001
-691062618
-2082742773
113670146
-901714103
-587422984
-1628897549
-841341073
1168185814
646254483
439009625
1338815138
2145690599
-291951443
-488717457
-1232262013
-701829656
-888512740
1946115877
-936390088
914991253
-1687772133
-894901609
-1985000318
222659722
-1404417204
-793420857
2117477223
137217819
948227328
-258151541
957958161
744216673
398344374
-736898104
-1210656522
353705621
2032089058
1354675424
1492812856
-1348552032
1213530350
2129178216
1727736909
2092431858
-664234363
481187614
423342818
1986630034
-1166098674
533446682
-879555076
-1390086539
318513270
-1872038078
-1939993760
-1827641580
636505138
187940099
878667317
-1525581256
1347880836
531915069
416879335
-1477359849
-688958468
-448332930
1234429261
1376942756
1096547393
-1022004622
-801573619
-656216541
-918968047
1796343450
-827169729
699896571
1695728261
1122063420
-847287216
1633339343
1457103257
-200408934
1396823336
2038590158
-652880405
497911398
-1433847153
-790348470
-2055633981
1478546804
-599604276
-1359713145
-1755308461
252885425
-1837485681
-926723115
-49806785
-2122236589
713254416
103599073
-949177250
1253997137
1970391927
-690185401
2059389122
-1255633130
-466273154
-1563370390
-723864075
924822128
1745507156
-1287885688
602151045
-2017697074
-1838791996
339261448
1376201411
-768095062
1197776278
-1227393002
1942254791
-2011560893
356495413
-1424345743
1229912246
-228909424
1354911889
-614554493
-1596367034
-470960784
-332642234
-735301967
-2081757054
1139376933
2045820157
-180339468
1024206026
-1375747837
1900559122
-528738392
2039986718
1011498340
-33143177
573599652
-2055489125
-115254050
-239299113
1097852042
276580676
968129208
-1070310402
-1747772321
1313908229
-1377608551
1592279927
1135493213
285196789
-1366381183
-592445322
392229639
-1217264933
-595545091
779656440
-1050209410
897705203
-2039564394
-34413784
1281483283
-550664718
1336330634
-506230268
431381020
170351686
-368778050
-757659584
1171707147
-1742430559
1342544114
-1753927318
-132429124
1697390520
645641526
1347354958
174899981
-1072651705
-607017572
-81577573
473812147
476965209
-1005160402
1069331910
26414411
892340421
279035170
-468215506
1601978031
-1054819845
-954681780
-114771072
-1936773749
-1871791872
693275091
-226166948
-1426354897
-1763742282
-1388286937
249315128
-1276660571
-1164221087
1020917042
-2011784060
1848875270
-1349885850
-111340339
505380111
1052809481
725350484
-566994315
-1991380312
1798434268
296100392
97354813
-283195128
-486353610
533926092
-657094394
1876923887
1527564461
321666017
1710133742
-1942476916
2120832580
1655213757
-2008574202
1483863329
37776968
-1627389001
1438946119
-13404697
1909275227
1214721953
-1260289083
-530611666
-906964528
-277249643
-1771461084
-249093432
1229676346
1679899380
1925163595
-631344473
-666268865
1689805740
-1660236968
-2146732347
-719503183
294534840
996672467
456134723
-277471778
-2119105812
696111397
993946837
-1203820761
1569971186
1573141066
-507930276
267161295
-953845873
817499589
1585060564
993895957
90940203
-346322220
-1473728144
-133936253
402439567
-2034374171
285190658
-490444152
1022886127
2096527432
2114281888
538140740
-1901467349
-626312411
-1527193724
-490186333
-1390790063
-2078913105
1699981620
-1081344339
798321510
1730440857
-1856883486
140967707
-1558480538
1642754248
-1893294572
-1126935508
-1329961336
808747851
646938759
500517817
-1166349883
665683079
-1102635696
651341959
-1561718117
-951331658
-849531323
485991388
1655891214
-1215013998
-1999631462
-60294060
-1519963665
1427879244
-203421746
-1099088396
-2100875424
-122111293
-1411242553
-1823309953
-255093354
408606962
-1392145092
345559304
615400416
-206967895
651256146
-449644600
1919529448
-1615032449
1800854921
-374303951
-2098745031
-124969210
1567481049
1722679106
-442744063
-995832000
789589784
-1935701987
181503511
1660395346
323641502
-773602602
-726269634
-748482697
-176236502
-1922949235
-426848853
720163639
-1407029497
2058881214
797140420
1560146647
904390506
-1371003946
1771117610
900337683
-1077811938
1487177482
831553273
-438713846
-1099346846
-150603676
1259809614
1143618681
-1173345519
-284194274
-1499146999
63157803
1376227331
1748969523
-231569709
1888174768
-232721229
-1570706638
942104162
-2060709044
-40231647
1197753428
925255931
1723814706
1567396346
-716220719
1381794872
-359066894
990386421
1543377518
-433002741
-399247570
-963522689
1595925338
1555052290
-761487724
-1675113575
-1061156038
1248716
-1252461817
960718593
-1999505534
1954419451
-136914401
-397240177
469510406
753241610
-1422853932
658702306
-999194416
-1777757022
131038837
1279231803
743573043
370170136
-1101649186
-1534345304
-1089897952
597187898
-391117847
2054576996
-1749857352
1685359947
-2145620444
-82941315
1123074593
115377995
-81224508
1625111991
-736661604
-266628485
96177370
-1063185488
-1653915177
1027410719
-2062942268
1713566788
-763837569
1191003781
1554720997
-1945870798
-539401447
2069508934
-1201798504
-133715201
-839593198
279919051
848985697
1612729626
1643108116
-1186193134
-1173814171
-1849275328
1110053530
-49349710
-89262565
-421878751
1605479622
-465477348
-1572984764
1210083652
-1792221839
-600213725
-1528002536
-1624713177
1797699460
-1488744515
-1336909887
1456386729
1923990661
912350986
-267981300
876580780
-1358412428
951586198
-760593059
559415542
791358680
978758362
2028119524
1308734296
-1394727404
1586676744
855033614
-1752109807
-884457986
567354120
-292371395
1292963443
910557361
1735195069
-1379622726
-196740921
1487085730
986709388
1017681642
-1893564563
-564200719
-1426966755
-64051521
1523730247
-1832612607
-1650423197
285611889
175618136
93564746
1079327450
-581771154
-291183193
2013440365
928903183
-576967281
1235259241
-281250936
-37814683
-1130204533
-1644780706
-1888405301
956037141
1505673648
317054842
97775435
2146028150
693393871
-13468984
1379473685
724495230
-1845977225
1358952587
-1883766138
-312845432
-226167450
1322420646
-537849382
-540901546
-930535364
620404797
-1682899966
1692997210
-489922190
-776758885
-1093537095
959566129
-1007299191
1667801685
-642179112
-1953674129
-447372922
-1641989968
-371195415
1234334625
-1403417699
558428479
1774091771
2040303759
-708797653
337404368
-664552780
-1708881215
1130085353
1597986441
1733892268
1542462276
1532551262
463385933
2068569080
-2061895507
368662421
1409463139
514808580
2040676190
-143963632
-1780727463
1716700837
1801886215
1116312060
1361236262
1677909869
-212472209
-574332251
1288034958
2080451649
950768244
-1868008661
-1081622070
2090829353
2100972880
1168220278
307102823
2095582567
395290909
-470730138
994889838
1697045450
-1992533862
-1600163761
-1355650620
-877918141
1897313583
-2051895132
1759052243
108122040
-753362642
-1938944015
-1219762838
-1866729704
1372199515
1560709902
-1219025695
394443439
71231662
1666660497
1470569089
701292218
398742870
-268927612
-420515038
4306238
834291201
115251543
-1192780524
2054499604
-588146598
-207446760
-748371646
234700360
1250867667
-553180704
-1632130412
1149323172
1763145636
1148023440
-1242087531
-1343671929
692013842
268901565
-2092535210
668690938
-1753897484
1524309224
-877737327
1058409988
-546438286
-1753933326
-1944654320
1260442685
68272400
-1266129970
258919247
177900704
-20446230
1496820088
1537296992
-146912859
-2063585727
877500965
-2122995698
-35027313
380610869
599909819
-242688187
-1582440702
1815873236
799625346
1210696881
1015950296
1515634770
1516686876
-2123843420
-97511116
-824175462
-1159800910
-799665348
2076740054
1731906309
1137537392
1719185092
-1843766352
382918248
-932015310
-180865958
-1211866694
1882543188
-238032769
546115282
-1667979518
-197671784
-605152331
587343834
526667526
-1517136630
1464803462
-1791831202
408987461
1547120006
1662398882
1488031021
-1227145709
-1898010569
1740993973
-1511363364
1828983469
-1561345515
1140621204
-396463126
1049506444
794857389
195173810
-1966925275
644896765
-425543128
-778621736
-681329589
1626889713
980174981
1270309397
1188614387
58826001
-227722968
600326130
-905771091
126584341
1359392665
1430629098
-92883352
-51442346
1998633604
-1023487720
2019965204
-70861919
1049097735
-546481870
-857725048
1132886093
-116617683
-1294201675
-987724380
-1493344113
1848665524
168915297
-1509797446
1976385548
432694550
713426408
-1349446359
-662143313
1608594886
91559393
-158311605
1986041788
-178262598
-1265477374
-2033634672
-144937435
-1234473175
-1323445874
1531714538
1571754524
575111317
62037516
-203944852
-381891607
-1775836916
-406539719
-25336531
-85622788
-2077107030
-2071155905
-1398930062
1191755845
1858282849
1566585637
953801483
958996163
-1986857988
-1737971831
-494299907
718902619
-142297760
-879691891
425679969
-2022107414
-1672755179
1872686351
-891308149
32349597
425725444
-1476700900
702741357
315705983
-2046601598
-1376797787
-260968643
1369008723
-1096489844
-950555021
-61438378
996701091
1224774996
1580120920
1491326043
1270436376
69954300
524524966
-888758366
790860556
1989640096
1038896869
-371051058
1683834717
339059866
1344138943
-1135384899
-57102716
1551577600
352761407
-454178395
-676790555
125225585
-1082693062
681947257
-1019551896
2055673617
-1605566195
-1030001264
874669639
-2064465967
-756912248
-1750937720
-561401559
-1831787533
-1851928279
812382056
-1964479888
2108135117
1244356492
132181252
190697423
1310139596
1261169954
1990038949
-594801122
1295197371
-817637599
2057171176
-1884486031
-556197563
1188209339
362332134
-1232744346
-1125734728
-1855276655
-1422198123
1583320510
1169334539
-1918633622
-52775059
-1165925586
-486902238
677055263
1350461774
168864375
-641370033
1058714841
1467979680
-168185420
-1680618212
193698687
1138652348
450141170
-2142829497
-358996119
-1932659062
-2048968955
1737399053
-1597407143
1901483370
73259673
-1904021589
1764086954
-1117383337
-12409721
-901945055
1152868297
-2138571447
-1961122199
-1444620488
-126163996
-1208573733
2067650672
-376353082
-1225028894
-1104388050
-533994124
433784368
-1812634990
446235148
-241884084
115078705
52881446
-350991280
490361439
-408665384
-353675550
406273668
-1026890885
-1600278313
1453239823
1010553546
312933092
-665146631
-546856394
597518592
-274767440
2064751604
856878474
95567903
-1953624495
-976379807
728675237
-1810325021
-2127097485
-1955998457
340520055
1079551152
1149959176
452773215
-1506342278
835037108
308351648
-978469292
-279424982
1488514376
-749673987
1095108937
-1509979980
2045835163
1069025510
426529632
-395962387
2071432081
-1502459077
-1684486919
644715909
1445625320
26690121
2108984697
1003513724
-501109092
368197215
1161815884
-1365438508
-219228531
-1742852703
-922363860
-1641275001
2035944286
913873947
706032034
1833701563
1560812959
-1094967015
908760525
1180521011
-1750715091
-1035743819
909083745
-1530102263
-1895280680
1375629488
-483478542
1811900826
1650361927
-198065275
1264466802
1269132480
-1568720104
1872417979
1273253880
1135232582
-326985653
-1569045638
1661180610
-1173466216
-355598624
1576018017
-1113035907
1776160698
292834493
1072990102
-1021293885
1471024507
-642114347
897009694
106541284
1017110761
-1948555897
-1409143699
1973544168
-2142786553
-1339942589
1541322816
749946836
-619625795
-818696845
-495358037
1095143468
1094654479
662023063
1573518189
-729957959
1636595345
-1194872654
-1373061493
1000844684
622824986
1926463204
-1720733413
222815810
-2146463561
1125778776
2043516000
-1405250424
-41038621
820937311
2039469079
-1365637151
-1207934220
83829725
1016637712
1617846182
2135964631
706529763
-1250144001
282380366
1704146687
1810485149
1218015123
-1057371921
-1890139238
3276398
674098376
-433167099
945707269
1328287577
1923802233
-246147471
1391231618
1208442530
1436515128
864019395
-438013400
-1339116108
-1531204511
29497019
1887260442
-556576955
-1561762452
-321628404
-1340099845
971078071
1821082243
-985125532
1905855137
-1347257407
-1697152940
-2048118104
-782774776
1474666318
-2110261465
750677892
-501300344
-2012969307
1442001714
-618221534
-36912566
-1942671415
-1825407444
547082296
-1682331656
192825890
1111223839
864240456
-218073677
4768348
-679883390
-1286972125
-1474705334
1393797262
336064646
-1062396242
2074681255
754832543
405834672
773229288
1200793996
1142615269
-1631101017
-297613269
1721140095
-624970994
-672444849
-351563343
-183916541
927710019
-1314673387
97238361
-1374422264
-1447759478
1045424268
642701739
-1285674589
427528555
-650818247
688793625
1955680513
-940346410
1105201578
-238258297
-1951031143
-902179005
348765645
1756799757
-1969460319
2046625306
1275669374
1044822267
-413835838
514686806
586407009
-914092515
-378157298
-1610185372
1020514545
2098905407
1525953329
-1722402992
106990809
1583969011
-322322458
1892390947
1154225282
-1236519535
-1934760275
-1718409082
-920014868
978844030
492350906
955315882
-2063759679
246020529
419591216
-2146350997
1377921447
-526193549
228052366
204948403
-971219755
-1575093147
-1098178455
126040348
1422899177
120573383
546634843
-67078951
-516559113
1182405622
-1555080389
-616252970
35412197
-236684490
312951182
-1796617444
-1518172427
1129573042
971207228
1204529018
618594722
1795515072
-1028249210
461134689
540180144
1271004008
666571575
-1157067505
-1026562946
1618331430
169996313
1043736304
743485086
252419567
-1856397654
-1390885824
798132135
2047612017
1754692367
-1183988748
437529673
-2053233761
1548372553
1944856026
-1126896735
-1855175572
-397204314
-1210935809
238770381
-1210514475
1242174329
1992313424
-675479101
-803581147
-424585715
-1869900157
1934245726
478353524
1246593494
814963255
1897820857
1555481456
1542713833
-499733159
2009482176
-721753505
105658797
1928359626
53654787
-325635228
-727085358
-263546562
499720397
-42725888
1912364674
1689748071
1691186037
1127022811
-1909751337
-1768069039
-779798797
-2912316
594003340
-893193969
-548977739
-1528037898
251902198
487686295
-711644493
1476227229
1267005492
1116506346
-1449612095
-2019347048
591619493
-1280624521
355521315
-2136657281
1866335898
959720129
6258022
1450819558
1544845132
1704001343
362903661
-806128413
1787767312
-1819673982
-1882688823
-201218355
286254536
-541583971
-779132338
-476929722
-622381156
771628992
-912838942
-1055729028
1763888106
2118112806
1107474072
-604723285
-919346566
-1785194959
247889660
1398814181
537678326
-1312977454
976332720
249809685
1329843864
-1655206354
1232794167
-1292332223
-1799460827
-201661314
74838800
162561550
-9932007
-1113531082
-1321091066
-366612343
741036323
837342569
-536629306
-1282519260
142724307
2107047531
-120193358
-279141379
994704529
-959891529
406547700
552723814
1809703121
-2138758381
300296660
1965858977
2052796804
-489629967
-273571762
822217963
496373457
867816216
143915231
-127481157
2058979588
2110004099
38102175
1584255819
-1823198266
-2089443959
900236692
2028493911
-1212270450
-1001372867
316704836
1161409572
413768791
1875859735
733397643
-1514251837
-1568363373
1159932371
1924852655
1062589846
996263775
-726666087
1353073073
-376236525
2006381303
17015133
1362833381
571430087
-981796757
977786760
174082756
-1332230242
-993200750
-412329257
1288615169
-1766940063
95328831
228577923
-1030143527
1968974975
1156089010
929783458
-1907169105
-1059786993
-1699516079
858234829
-890217001
-1639563499
498610584
-1295510271
-1846942543
-445995005
-1868325300
2137256906
1474277114
-107218301
-1664419594
-1884168547
-2125177506
-1926167693
1664118927
1142824325
1580627280
-1303302351
1174322551
-1686553342
-1389699042
776510743
1653475500
-893962451
471320383
-334796983
1718850103
253070112
1133535727
-1069604179
205572841
1182852756
2075625469
-787621062
1705891143
746145226
-600302109
-1099558794
607560130
-2076332625
1263513111
-1056999879
-1108272597
-638131142
-757546080
83131830
-1110044571
1579862809
2064112107
2075978427
-602020773
389562507
-1301875234
-1544160969
-269675212
-969561457
784940077
-1750542595
647770565
1435144254
615586029
1053324743
-1582703545
171894133
2000211046
1328281980
303879497
1937829046
-214535892
-892647755
-1173929497
-796077233
-229519504
-1252559491
2050728252
1513057212
-1487695469
-1952371624
-27843308
751807049
1767550459
-1378146426
1800167910
8439803
1092491818
-102272888
399804928
408498096
-1087497460
-1732113949
702326788
-412575355
1300874895
-637267165
-1956148078
-1972766601
655526521
2124851490
-1951112378
-134996404
1571867765
685573770
-368762139
1739995571
-1449527442
-1370380137
-1520481070
175870634
-2108061153
-1400210399
592752582
-2105267937
1917057770
687101657
1720263103
1148590554
-132938519
-413777710
-1350212295
-284824167
1037840963
-294563261
-21582437
-390973828
-1585072192
-476436086
947746548
30482339
-2033257058
929381748
-886725402
737465109
1187525028
-816869445
-2050155294
1754651107
-1175560584
-287210545
501043093
507566732
-773651411
-1503535655
-1307613791
-277390941
-748577248
1242246652
1698300816
-1085710161
-372473341
991308765
463657221
-1347932335
1085842490
806340197
444428083
-489661780
1585499493
-1004934203
367258259
-1775501568
-899803843
1092767162
1697493969
-1611405416
-770918749
-1207261678
458439686
1809895654
-1813933834
-1351467154
-1873981396
-1532221205
-341448028
646497864
609333198
-902696484
-137082621
-917592521
1169545983
-319051006
724201825
-282626191
-782480500
-1307155487
556918617
132595857
52399476
194272668
614562920
785092763
1257368216
-851648873
-913324865
-1302481604
1671404974
1743985758
-2070444710
-62156459
344768635
-1148756027
1888251728
-1457989702
-1482200767
-1808545969
-1083196307
358788662
-1822839947
825773011
-1237745411
-1182008110
1557032885
589294428
-1224423702
1833495894
-1265150216
343088721
1064945161
-287023344
636558598
892992213
-214774352
-1501408557
-221827541
988981872
-1332890741
-1337027774
1802396711
1237784046
1126489007
1639390542
-199614872
-485037177
-683135505
566627580
713959802
-1088855233
-1098937234
-207154581
532883902
-2052299377
329621365
681620245
844791129
-744687547
650316423
-2071340203
-753284753
672077224
1790926513
-1454865368
-613046639
-412528161
-1702994395
-747736777
1387667571
-393547118
1968530697
265636628
-1346962206
878271697
1697516428
-664036924
787545588
421264693
-2006428357
-109550723
-2053598336
820776516
2011169169
1219720112
-1770934320
-554704615
194892244
-521367992
1254077333
1483705412
-1074341858
-1881402572
-55335654
-146070290
-295099463
73127459
405415612
557377089
581328560
703540878
-1917984615
-189535482
-1842204510
1466795003
835342728
2146065807
1560509145
1779620478
587610952
25444822
1291108762
946742147
1117527547
1963605478
1774278334
-1579329845
-763726124
-146406279
-586016383
-876374092
2105325071
-932428318
1458954137
1302719164
-1201070047
1685736237
-1001464950
1428111175
1246694961
1143971716
-1484811208
1650774432
1420050886
-324113453
-2059976259
-1574950595
-835240000
2001954991
1961272188
435435334
-1426594164
1224772211
727950198
-1638442664
-319376493
1176751020
-2016191780
-1564195707
1544449010
292927926
1549224932
1960844447
1488133232
1426171814
-2039225121
-397132874
379364524
1640213354
1811128459
939421150
-458079850
-1471755985
694900645
1107469621
335530784
1584394498
-1799776318
-478844381
-1764452044
-1438076231
556012383
906398691
-826850328
-1721316332
-2125234378
-1299720894
-489114897
649852190
-157323053
-1499215449
-1000066990
1466666713
-903802267
785690194
296841824
-1325787111
-1138966567
-1343462424
-533147421
-1039889232
-423632604
293721134
377035156
1491866315
-751725088
882964501
503429071
600087195
1489634842
208058870
-104127606
-2003086281
1731030121
-1727907811
288541571
1729372096
-2109395645
-718722165
-1819349320
1655397317
2078445451
1923446519
1050810652
836482537
-1350833555
1484661270
-2105723001
4055491
-1708237714
77481244
-1562741011
582113797
1497063358
-805263231
803889874
2063831007
886755280
932125960
1378875133
-428790619
-1985006548
-1856974852
899651691
-964998738
-642554749
1567825852
-620746362
391037567
-1688872445
-781405062
-1429426793
-106822359
602358253
2033377599
-171430024
417596655
1053238627
1131778353
-1268981875
-795528405
772979334
-229227240
435854579
1857856113
-783863104
1850926366
876109306
-605440012
-209053091
-1788515626
-1044436015
1565855528
-1822450336
-790255745
-1707301505
163148713
-1447049836
-2117424504
-2113520102
-5761702
1006175712
1891470423
-1460295118
-223782191
-1679841569
776446277
-1617284979
1571681778
-1179719504
998398189
2002899481
-1687544103
2079976970
-45134426
1964539166
2054101245
-1319648110
-1216133043
407551922
695559825
1851203184
-220775353
-788746894
-1030992339
1845203231
-601980987
385674350
1611241133
1288662404
-42875830
1848057189
-1101095591
-2085452478
-1896705175
1751651121
-1733940666
-1052806836
-322743341
-863400572
1829807867
1546005947
789322385
-2030933292
1351261014
-546038048
-1616589683
-85752429
945001648
1085199261
-880716714
780710051
1392106303
-668460816
746909731
1438156553
43096508
994521808
523099160
-1783299360
-29074619
938233404
-958735160
-622194801
1807745924
1422950544
796945914
264670014
534422799
-434771943
-323249744
1956604805
187882001
1281409516
2022488932
-1152124570
1776976682
-1056208653
-136006764
-1989846915
118755476
-527076792
-455913599
1067634037
-1823950458
1183570629
-2050102990
850360254
610289116
690256347
1802601407
-1564642692
-928428553
801598882
1251207115
-1239052094
613094625
1277522994
330007633
-247322369
879255733
1248323120
-892463196
1097245624
137164093
265111211
1224893616
-936066697
140874972
551451688
681670789
1932250115
-1738757202
1721108219
-548912106
-799201584
-1548482323
898877656
-1465741763
-269159752
1788234390
420295081
-496729599
-503531285
606134092
-1378687583
-749183717
464081188
1834074747
499265680
1371144886
-689670371
-237873473
1250548344
544372343
349553477
-307559801
84881761
862028732
137755311
-1719569675
1983470697
-385608409
963832396
-256005880
464931870
-5636003
341393756
-1743768323
11394063
-162117110
-799203551
-1382661135
-1936918112
1100031528
-789493802
-1870765109
-631512034
1663252609
-303549218
-287628968
-693118445
1831197042
1004106816
-1015094090
-1032206374
-1387502864
1295584083
630108150
1660472181
1493617104
-713699147
-2043698179
1680908701
-966916286
-1555107455
9269162
-525250534
2087655070
232789440
-474608323
-797007531
-1452176541
-471410657
1856598518
1455113514
260244347
1438352610
-1950215172
-1683707133
2101410243
195187737
193292928
-2086016734
1875819723
-222719216
-1371943902
641287485
-1854042663
1176269067
428953491
1015362127
-1222038476
-283548878
1787794043
-1019553876
-1766109026
-1311353910
1439337116
-147753642
1198316833
1521225893
126141750
2109421967
1216595214
-1759138597
606189741
-1833608273
699986242
-1691891270
1046154345
972984375
1633789099
-1567687942
-844629251
-1126684123
-2077481718
-1194083787
-2101988726
-819495543
418884602
-1774871147
-874129563
164779864
357295152
1809237454
1454410999
2143985279
-1670088957
-246696113
1727899876
-267750853
-1735823826
766710451
1759769711
-385656409
-369791531
1068228733
1048289309
1595431062
865536709
-1179098107
1885949335
417594786
933937408
520530348
-1359653932
-1769423484
-1870705033
913785942
2031133047
-27578458
-1748077031
-1974604263
1759175029
907739126
347107084
-1182859215
-1739340294
-840390147
-624917447
-1488456137
-149185139
1047744815
-1183995890
-168791918
-775580047
1203456644
-925237122
628386349
1719686222
-562353337
1717088076
-1381001878
1207942161
85094701
-1379313015
950867029
-1193469424
1995052968
1392851291
-331481059
-1252981136
335326845
-678844161
1563194303
1367124938
850445716
-523727344
696782339
-1917955060
835568142
457639432
1575231148
308764573
-264212324
-1841877753
841937642
430443204
-437917426
-1430127661
-1991445229
1952949578
-51865814
1107460640
437883794
1348870237
-1750827841
-2063335152
-1675943137
2112755382
1355088121
2133371388
-1923731408
887927550
2074075381
-1787361932
-1400900690
523704429
-1896475241
11028100
-1969824020
19607988
-579026277
615648825
1273197268
609487389
186483434
1999266659
-237840798
2006455535
-587291090
-1769151845
675274838
-1611004138
2052666280
-1621857657
1490454565
1247487747
774620736
-1857238948
-1316425168
1815623377
-1019832867
1538533540
1187810103
-1521984344
-845266442
-1845735360
-1429674224
544714086
-1789382295
-914890320
1326012051
-1909637765
-480470133
-1572851054
433940696
-1503208428
247959167
-1218153112
-2103194716
-46998405
1070827211
1547385758
-1140965601
1773310397
-1171428312
-1564765238
1470402763
1163288716
-137689191
-1454159819
7852465
-122778777
-1637202242
1644429721
1943419868
-1556472585
-1519329175
-1326886356
-1908180213
-833645380
-313971087
-236589859
-1065333599
-1898890776
-1110290234
1012305116
-2073580832
-401000310
474410437
1821200736
-879298730
-1163399953
996090830
1841336740
-129378154
-1126104763
-676888558
272919857
-1037451477
-2117451392
-1756361039
127310947
-1336130103
596199808
1297340419
1580746021
1058726086
-477400717
-1391829195
-1429612546
-1127116600
-1156211592
-1036388840
-963036847
-1066824514
313511300
-1411712459
1645394656
1530926867
1874503305
1110003492
193571217
-728174047
196818388
-1398625763
-1999277195
-2057361437
-892619338
2137359055
-2138265083
-117565201
-1671028122
-632439440
-1669897042
-1505229150
-710424027
-1536597483
-1872312434
-1325495140
-998556765
1563489602
-818433408
887405934
2047358625
-275495483
2141379670
-1786128750
1587512023
1655030719
1138548324
1568063387
1951584535
1841018114
908915781
-78133076
-1916335439
-1417684318
-1312197671
2002738222
517059353
232479686
-155893364
1437964221
-2108145721
87427518
-783694626
-1080819614
-1762489762
-1789046438
1322066206
-1427388921
-935345904
-220697223
1479325304
-1285010905
-1083072
-1313558816
921710386
1183243716
1970718824
-1808929460
2130287922
1922558622
-259815620
-2126219831
1307274179
1426914209
1052648207
-1970075068
-11196008
-1027975010
1804378486
1926022751
1465151248
1005201726
-1366312406
880016772
1013408955
-1450552526
498936626
1205364284
-1459442148
1335723951
2022222657
427566785
-833307472
380318745
-54583716
1541707473
-4403409
24201726
701362367
-892024124
-98819823
-1059712443
-831865855
255671265
1200361043
-1119387738
1160616566
-871554580
-1217646726
764982365
-1863136044
1506234883
1080537559
2001055513
805213720
1384494761
-968790003
-703573190
925397418
389264675
-1943367984
1483292732
855705535
-898034686
-27287057
2118790253
-1372027906
-1823197439
-1627087469
273594086
952185445
435930128
1928861640
540271800
-1400600978
982320560
1071291965
297123172
-515968915
-1953653119
1024402503
1044757137
1534666043
396124697
-1035612885
1720450808
-119817192
588670742
-1083009380
223381666
-2004597043
-181229962
-400185470
-678899115
1590773777
-513295323
-11319556
-1474717621
-1416844243
-1894474537
1693826984
-626805723
-307058718
597579031
1020506913
1789805599
-1148378742
1002579360
1364828617
451907971
112855164
-587427605
1327344327
-1499895198
2083864245
-589615607
2039531603
1940185730
-152766285
-484944718
1741753392
476360594
-1447970908
-1313016163
1438949498
-412838748
-1960754752
-445236719
-908226399
168792283
704527602
-586044997
-1486709067
1946010979
-821276739
-219411006
-1340495645
694568609
895675485
189547032
720659263
-1572844373
537340460
-1604018669
405301699
-1402833158
973033799
-1387609797
-1977094505
1487279966
1956707441
-35727003
1719699602
553629745
411366711
-1483164160
-1107696128
-958574129
-157667757
-2017313618
-525965403
690873157
981696597
738988822
1563682818
930964039
-738063233
736268792
-890555690
516634215
-320312847
-1330227839
-407834393
879801220
2050031877
1254948576
-1891431423
248530816
1536440572
-1671169256
-82194626
-1310896331
1134648281
1463313175
-1291565176
-233322840
-2061020019
1311000840
-2113165220
-493467521
-1529005
1454573284
-1985890096
-1385426768
-2140642211
-1701617073
1524272342
-262146437
-1554799440
266836385
-2102260030
767857049
1994801483
-1226789310
-1486742263
294715061
-639198066
605257786
-1445576629
-388172005
-893946406
-825520377
-208257646
1557802927
801410932
-1433898063
1867581660
630207263
-143044946
806381596
-1530537002
1262431068
-12666296
643002268
409040106
-1298051515
-521110765
184546510
-1346256261
260694437
1527694039
-681381723
1186102895
500959839
1810709878
1161490115
1750695405
-909976857
-1182961584
2043052809
-562972313
280450292
1884629993
-1060371343
1491095770
611865203
997716937
2128716058
853479508
853772734
1299480739
-954589276
1957443766
417210637
148226233
-1381244483
-915959621
-697400020
-1409746306
-59966468
-1530854856
1846572910
1632695676
-531073299
865945509
-1134065951
1127763320
1576930668
-1575391781
117663938
-1343007789
1191115830
2023632415
1949099059
-911989966
1372567228
1296065630
971588907
620349793
807376186
1186735546
852331181
-1836209292
-1127952376
925645637
991544380
410028079
-652452816
-1367866101
-2094509427
-1113932633
1756527936
-611448491
482606974
-1106661592
839000160
2015474732
-625794745
1183745113
-1050258266
554109724
66403566
-2131721570
-784698200
1034901817
-233579520
-1236809795
349885778
267786087
-88176259
-1264896829
-1929310726
1386058965
-1141560813
-1340689368
269757873
1422861257
914563983
635256369
1370911196
736808610
-138344560
416038805
660558338
254728475
-1061571203
2109490787
-714476314
1786745292
-1456789576
522524962
-168992040
-1558431754
799694867
1439276089
-1170929337
-493487745
817178498
-9295471
1711629211
-1104523973
-2081188590
1409433208
-1975395007
-84791956
1553371162
-157244472
-1606008569
-2039744884
1323286959
-1569229752
-1181267543
-2030178743
-1934448292
2063836497
1437804458
-177490224
-53098222
-1656621644
-2096885656
-820432306
-276423587
2072078043
-175887766
-1248224589
2121158360
-1618893779
113470204
-760098376
-248093213
403045559
-990562050
1960914211
-1846029934
1852560136
-1967855369
-269204663
825039080
6137691
-1668454800
-2091287596
-1636592316
-542498821
490839679
86468806
-1243025125
1759032291
1134067617
-1052693571
1750425063
-24388700
625517261
-804951176
-1578191522
1314581643
-3345979
1404607897
-409994777
567017986
-1699946834
-945575764
1610869321
-1783064266
-195559197
1407984231
767073445
435012346
-1134679291
-306467277
404575398
1820528618
1489653334
-1331675157
-1706358538
-562980141
435666759
476530402
1101745139
866571602
1704898382
-967703254
-1839690846
-429589830
-1337069571
631346963
1395514595
645745979
290804560
-966955278
-1876179482
-1492221633
-1450885818
-1306572509
-499467299
-483132649
1583168178
-505684912
-1498724366
-1984380202
176992594
760203762
39782267
-206876035
122027296
1361875735
-2088436884
131965528
957714152
882480486
1418124045
2016352166
-873209830
-1118219168
-1838391828
-2093729409
-832417823
-266104088
64270612
531255282
2144353651
1154023684
586517374
-580693651
-1668877398
1941799397
-535652921
-1422343583
1043347924
1358056996
1507268899
-916821210
620010950
-960924082
-517527151
1429735451
-680801481
-1224701534
1167900496
1318279185
6980682
2043176216
-1573358704
-1774572311
-1637937300
698117797
-1508584339
-54631813
-509202848
-1037320003
-832142312
-327426119
995095191
-699725287
-721250474
-593820141
-311622972
-372365894
206038830
2092970781
242361776
622112556
-975222306
1090467951
466167370
-2078992625
-1332615410
-1649152563
-108829439
-177865773
1102322504
961495430
932424278
1065208514
1670815398
-1590007008
490344108
1599925571
1532420812
-1930943435
-626652318
1549207132
-259859432
2034633623
880806179
-185334664
-1751930344
-717318470
1984757628
-919991446
-1467624644
673068371
-1129055826
-1161987407
1812793292
-2102097092
282498245
-1515940867
525115419
1177871514
124439272
-1809807887
-2032317955
1449609281
-497704973
1964367659
-1988388491
1240321110
-1486126270
-1421169280
-935169869
561516853
1676966607
-1714369141
-1324387524
-1476852075
1742695295
1900490345
-153159574
1754357482
-1234103624
-888861251
1188049175
1428378890
569410870
787378170
-27691883
-525686765
2107393823
383867104
1396697312
-1396838006
1380995412
-1012955066
-144377322
-1739802169
1878431753
-1424965862
-1397795546
1090514577
1163978391
