2146065807
2146050775
2146028150
2145843686
2145690599
2144464125
2144353651
2143985279
2143851477
2143825411
2143330612
2143073861
2142971366
2142967474
2141866373
2141379670
2140092439
2139140288
2139102895
2137360292
2137359055
2137256906
2137103105
2136312863
2136034991
2135964631
2135851650
2135343901
2135032374
2134469406
2134468050
2134052998
2133371388
2132222877
2131118742
2131048033
2130559560
2130287922
2129989964
2129178216
2128716058
2128150485
2127461064
2127165706
2126705235
2126012610
2125950170
2125099638
2124851490
2124258278
2122470250
2122274712
2121389895
2121192962
2121158360
2120832580
2120756118
2120204267
2119916133
2119140984
2118790253
2118402241
2118112806
2117666063
2117477223
2117245929
2114281888
2113698940
2113205041
2112755382
2110377373
2110004099
2109763123
2109490787
2109421967
2109362648
2109153426
2108984697
2108220228
2108139804
2108135117
2107393823
2107047531
2106956017
2106359221
2106165060
2105325071
2104078026
2103913426
2103467852
2101410243
2101260137
2100972880
2100372160
2100171622
2099576727
2098985085
2098905407
2098607008
2098289608
2096527432
2095582567
2095221968
2093335229
2092970781
2092431858
2092138765
2091187485
2090829353
2090573522
2090277305
2087805266
2087655070
2087467486
2086607437
2086056230
2085618543
2084745443
2084544680
2083939668
2083864245
2083450619
2083188856
2083106610
2081362960
2081192471
2080925782
2080849792
2080451649
2080439047
2080084826
2079976970
2078996943
2078445451
2077564221
2077017676
2076740054
2075978427
2075625469
2074899970
2074681255
2074075381
2073474820
2073144850
2072699972
2072570282
2072078043
2071734843
2071432081
2071171615
2070461058
2070252670
2069508934
2069452482
2068569080
2068389810
2067858786
2067650672
2066230927
2065501274
2064751604
2064559134
2064112107
2063836497
2063831007
2062269871
2061861369
2060341020
2060007858
2059616543
2059389122
2058979588
2058947679
2058881214
2057171176
2057065502
2055979778
2055956492
2055673617
2055569261
2055546255
2055324228
2054576996
2054499604
2054150530
2054101245
2052796804
2052666280
2052470485
2052021713
2051919098
2051382636
2051340206
2050728252
2050462151
2050031877
2049409775
2049362439
2048040972
2047612017
2047358625
2047235250
2046625306
2045835163
2045820157
2045317639
2045303561
2043516000
2043176216
2043063321
2043052809
2042484178
2042190492
2042182765
2042135956
2041379621
2040676190
2040303759
2039986718
2039531603
2039469079
2039121693
2038669421
2038590158
2037560703
2037552319
2036445331
2035944286
2035787722
2034633623
2034421506
2033377599
2032089058
2031430987
2031133047
2030199853
2028891892
2028493911
2028119524
2028092449
2027863846
2026423486
2025114139
2024460803
2024358976
2024244819
2024013936
2023632415
2022716702
2022501342
2022488932
2022222657
2021458318
2021217581
2021144839
2021091738
2020832364
2019965204
2019300769
2019125259
2019090968
2017360555
2016352166
2015474732
2015254733
2014896750
2014445750
2013724023
2013723875
2013720681
2013613218
2013603128
2013440365
2013262363
2013069340
2012080717
2012037593
2011169169
2010262163
2010206577
2009714080
2009482176
2006455535
2006381303
2006364292
2002899481
2002738222
2001954991
2001283696
2001055513
2000425309
2000211046
2000133698
1999266659
1998633604
1998130795
1997944257
1997611884
1996847741
1996211981
1995893008
1995874262
1995052968
1994801483
1993853479
1993836346
1993420860
1992765468
1992313424
1992199916
1990627798
1990154449
1990038949
1989640096
1989176842
1986630034
1986412909
1986303874
1986041788
1985861291
1985857019
1985215495
1984935922
1984757628
1984507518
1983470697
1982490234
1982027686
1978038742
1977797904
1976385548
1974785399
1973950467
1973544168
1973409048
1973162308
1972453293
1971749102
1970757024
1970718824
1970497271
1970391927
1970023341
1969773634
1968974975
1968530697
1966033445
1965858977
1965194178
1965006479
1964539166
1964367659
1963690499
1963605478
1962639334
1962385379
1961272188
1961205380
1960914211
1960844447
1960635638
1959390121
1958797141
1958435030
1957443766
1956707441
1956604805
1956515650
1955775232
1955680513
1954419451
1953011009
1952949578
1951584535
1949756830
1949199252
1949099059
1946256127
1946115877
1946010979
1945029092
1944856026
1944840104
1943926005
1943857573
1943419868
1942254791
1941799397
1941595268
1940874158
1940569286
1940185730
1939481468
1937829046
1937416002
1936595780
1936227618
1935165601
1934524580
1934245726
1933967718
1933684853
1932250115
1932182847
1931432285
1930992114
1930108589
1928924753
1928861640
1928359626
1927597302
1927435807
1927347311
1926463204
1926206234
1926156290
1926022751
1925830645
1925437725
1925163595
1924852655
1923990661
1923802233
1923446519
1922977455
1922558622
1922432115
1921669631
1920646953
1920207620
1919768306
1919529448
1919354975
1918765280
1917057770
1916998473
1916976670
1916267734
1916078474
1916048989
1914707198
1912364674
1911901968
1910921660
1909968643
1909717119
1909431053
1909275227
1909208783
1908939316
1906894714
1906017823
1905855137
1904771906
1904547296
1903639023
1901547534
1901483370
1900760687
1900559122
1900490345
1899691405
1899641575
1899623399
1899187189
1899152063
1897820857
1897606671
1897313583
1897285753
1897191661
1895950463
1895039331
1892749397
1892470417
1892390947
1891910425
1891470423
1891149784
1890244431
1889361407
1888737081
1888251728
1888174768
1888026599
1887947365
1887791076
1887656847
1887383419
1887309054
1887260442
1886642839
1885949335
1885854774
1885795938
1885502599
1884758757
1884629993
1883899809
1882543188
1881989132
1881598853
1881515720
1881122952
1880079688
1878926976
1878771224
1878431753
1878387769
1878328756
1877993697
1877698806
1876923887
1876569478
1876093290
1875930379
1875859735
1875819723
1874503305
1874075107
1873639785
1873617233
1872686351
1872417979
1872334118
1872032968
1871831632
1870656580
1869821485
1869145023
1868977355
1868724359
1868266751
1867948814
1867581660
1866335898
1866276788
1866058210
1865921001
1865749387
1865107111
1865072458
1861726318
1861058639
1860276533
1858282849
1857856113
1856860966
1856598518
1856434341
1855923530
1855623464
1852560136
1851628684
1851203184
1850926366
1850715358
1850593777
1850419061
1849378344
1848875270
1848665524
1848372312
1848057189
1847494324
1846572910
1846243557
1845482355
1845203231
1842869518
1841336740
1841018114
1840401626
1839854942
1839170958
1837542971
1836868405
1835868140
1835374948
1834668228
1834074747
1833972276
1833701563
1833495894
1833316456
1832269003
1832118570
1831886251
1831197042
1830610636
1830201770
1830189076
1830016421
1829807867
1829286866
1828983469
1828522190
1827037273
1826935222
1824355324
1823391734
1823233586
1821557337
1821388976
1821200736
1821082243
1820528618
1820142337
1819787947
1819722869
1819485250
1819048676
1818449507
1817101879
1816868387
1816737446
1816090566
1815873236
1815800811
1815623377
1813754510
1813588422
1813096695
1813013608
1812793292
1812734005
1812571052
1812252278
1812147194
1811900826
1811334113
1811128459
1810709878
1810485149
1810279330
1810099755
1809896775
1809895654
1809703121
1809436032
1809237454
1807745924
1805866316
1804378486
1803037826
1802872724
1802631922
1802601407
1802396711
1802082981
1801886215
1800964016
1800854921
1800646054
1800167910
1799850132
1798959400
1798611916
1798434268
1798385178
1797699460
1797570748
1797170691
1796640015
1796347659
1796343450
1796098561
1795515072
1794035689
1793621814
1793346316
1791082199
1790926513
1790337097
1790148453
1789805599
1789677985
1789449632
1788817273
1788234390
1787928636
1787794043
1787767312
1787703663
1786745292
1786122336
1786046190
1784536518
1783157177
1782234450
1781784655
1781700426
1781664471
1781469547
1781095985
1779620478
1778636743
1776976682
1776160698
1774548134
1774278334
1774091771
1773628423
1773310397
1772453831
1771117610
1770467724
1770238501
1770159119
1769943384
1768644201
1767550459
1767525063
1767093761
1766320055
1764537750
1764086954
1763888106
1763668742
1763145636
1762632085
1762371252
1761572092
1760665822
1760179315
1759769711
1759567158
1759175029
1759052243
1759032291
1758507968
1758390328
1756799757
1756553756
1756527936
1754713818
1754692367
1754651107
1754357482
1752864582
1752745406
1751676859
1751651121
1750695405
1750425063
1749919523
1748969523
1746946692
1745507156
1745296504
1745214490
1744929565
1743985758
1742695295
1742674151
1741950017
1741753392
1740993973
1740968457
1739995571
1739262485
1738064432
1738039147
1737425785
1737399053
1737254788
1737032178
1736661771
1736044225
1735375085
1735195069
1734989653
1734104545
1733936691
1733892268
1732492996
1732138561
1731906309
1731359767
1731030121
1730440857
1729827549
1729372096
1728472823
1728269783
1727945578
1727899876
1727736909
1726814480
1726709956
1723910814
1723814706
1723103058
1723039929
1722679106
1721930242
1721140095
1721108219
1720450808
1720432144
1720263103
1719863460
1719699602
1719686222
1719185092
1718934608
1718934589
1718850103
1717088076
1716700837
1716144953
1714932275
1714631795
1713566788
1713214338
1713160199
1712070278
1711685560
1711662261
1711629211
1710133742
1709046299
1708656534
1708249167
1707608261
1706945147
1705891143
1705761765
1705099894
1704898382
1704265411
1704146687
1704001343
1702258234
1701608206
1700085415
1699981620
1699327710
1698414834
1698300816
1697516428
1697493969
1697390520
1697045450
1696969462
1696819569
1695728261
1695641239
1693826984
1693065179
1692997210
1692162309
1691687976
1691471456
1691262291
1691186037
1690005684
1689805740
1689774405
1689748071
1687916914
1687631896
1687133602
1686821630
1686737050
1685736237
1685679762
1685359947
1685202557
1685109156
1683834717
1683495855
1683041082
1682631502
1681718666
1680908701
1680862572
1680219336
1679899380
1679646838
1679580518
1678664155
1678254515
1678110776
1677909869
1677615405
1676966607
1676164413
1676142441
1675959859
1675465155
1674862357
1674203110
1674080819
1673696606
1673650104
1673357337
1672741945
1671541341
1671404974
1670815398
1668183961
1667801685
1666840819
1666660497
1665724210
1664843118
1664118927
1663909474
1663252609
1662544706
1662398882
1661885444
1661767422
1661468319
1661180610
1661131690
1661089039
1660472181
1660395346
1658924050
1658357494
1656402991
1655891214
1655397317
1655213757
1655030719
1653676600
1653475500
1653270663
1652368117
1651827116
1650774432
1650361927
1650301962
1650085306
1648186368
1647127527
1645756041
1645394656
1644886500
1644429721
1644213485
1644025221
1643390886
1643190639
1643108116
1642754248
1640213354
1639724644
1639390542
1638696415
1638537925
1638219502
1636888761
1636595345
1636267690
1635574817
1633789099
1633721475
1633552263
1633464644
1633339343
1632695676
1631683362
1630830228
1627373464
1627213498
1626969256
1626889713
1626208113
1625925026
1625892539
1625711484
1625631671
1625288730
1625111991
1624661107
1623550747
1623477130
1622100185
1621799512
1621442113
1621004364
1620216950
1619240006
1618331430
1618301235
1617861420
1617846182
1617167011
1616326037
1615203576
1614801605
1614274356
1613686600
1613153170
1612729626
1612044415
1611814039
1611241133
1610869321
1610641917
1609631337
1609302558
1609063625
1608594886
1607768824
1607455889
1607383477
1605660739
1605479622
1604642558
1602436418
1601978031
1600819925
1600227435
1599925571
1599561725
1599325042
1597986441
1597749379
1597648570
1597324785
1595925338
1595431062
1594821970
1594657836
1594540671
1594425304
1592279927
1590985192
1590932812
1590773777
1589987399
1589630588
1588216086
1587640891
1587512023
1587343747
1586931080
1586676744
1586553339
1586051543
1586015379
1585499493
1585060564
1585007118
1584394498
1584255819
1583969011
1583822254
1583320510
1583168178
1582358459
1581038203
1580746021
1580627280
1580120920
1579862809
1578333014
1576930668
1576723383
1576531684
1576018017
1575457675
1575408567
1575231148
1574798022
1573561895
1573518189
1573141066
1571867765
1571754524
1571681778
1571303941
1569971186
1568600259
1568063387
1567825852
1567749398
1567481049
1567396346
1567273521
1567187405
1566855220
1566585637
1565855528
1565551781
1565240823
1564256041
1563682818
1563593222
1563489602
1563285787
1563194303
1561432674
1561239502
1560958766
1560812959
1560709902
1560509145
1560251551
1560146647
1558610191
1557922017
1557802927
1557032885
1555481456
1555357559
1555052290
1554720997
1554569584
1553371162
1553170535
1551577600
1550740554
1550290839
1550202943
1549224932
1549207132
1548406107
1548395206
1548372553
1548166641
1548160135
1547385758
1547120006
1546005947
1545527135
1545491965
1544845132
1544449010
1544409135
1543821335
1543494308
1543377518
1543246507
1542713833
1542462276
1541707473
1541386759
1541322816
1541197716
1541006083
1540168276
1539553587
1538533540
1537296992
1537013945
1536440572
1535930609
1534683458
1534666043
1533775773
1533067740
1532551262
1532420812
1531845972
1531714538
1531575225
1531410379
1531133844
1530926867
1530266070
1529689359
1529146722
1528321734
1527694039
1527564461
1527039233
1526592667
1526530662
1526260184
1525953329
1524309224
1524292952
1524272342
1523730247
1522697839
1522055686
1521894404
1521426170
1521225893
1519052682
1518853389
1517889373
1517388098
1516795572
1516694757
1516686876
1515634770
1515366843
1514350013
1513562822
1513057212
1511167603
1510997160
1510476853
1508945867
1508575796
1507268899
1506234883
1505853523
1505790751
1505673648
1504782423
1504186563
1502453120
1502309234
1501863181
1501521465
1501241139
1500930337
1500797495
1500287586
1500000698
1499299684
1499199997
1498922520
1498690162
1498680991
1497686343
1497329089
1497063358
1496820088
1496468679
1495599226
1495497168
1495384299
1495032939
1494371015
1494348114
1493617104
1492812856
1491866315
1491326043
1491095770
1491012745
1490621876
1490518530
1490454565
1489653334
1489634842
1489404188
1488514376
1488133232
1488038130
1488031021
1487315879
1487279966
1487177482
1487085730
1486991879
1485762154
1485614499
1485395764
1484699656
1484661270
1484120142
1483878244
1483863329
1483705412
1483292732
1483116073
1482898274
1481742944
1481488355
1480301884
1480033528
1479896668
1479353197
1479325304
1478976286
1478546804
1478436347
1477207291
1476278941
1476227229
1474666318
1474277114
1473824915
1473761457
1473712589
1473637897
1472817670
1472524813
1471590892
1471024507
1470905118
1470569089
1470402763
1470112182
1468792670
1467979680
1466893749
1466795003
1466666713
1465641237
1465151248
1464803462
1463929856
1463735927
1463313175
1462141246
1461403344
1461373886
1459980867
1459510807
1459301362
1458954137
1458760335
1458647056
1457103257
1456386729
1455747067
1455113514
1454573284
1454410999
1454049800
1453920336
1453335620
1453239823
1451753064
1451501142
1451135996
1450819558
1449609281
1449535524
1449015482
1448920763
1448629124
1446401294
1446343076
1445625320
1445467310
1444378107
1443995519
1443875722
1443842203
1442699471
1442018373
1442004373
1442001714
1440631110
1440620368
1440087384
1439500615
1439337116
1439276089
1439184933
1438949498
1438946119
1438641432
1438352610
1438316147
1438156553
1437964221
1437804458
1437667358
1436515128
1435904421
1435861966
1435845944
1435345706
1435144254
1434572734
1434131831
1432447370
1431854814
1431328780
1431077270
1430724233
1430629098
1430061601
1429735451
1429509396
1429398486
1428923320
1428378890
1428302589
1428111175
1427879244
1427582872
1426914209
1426171814
1426087743
1425729211
1425209017
1424758523
1424474692
1423381007
1422950544
1422899177
1422861257
1422581035
1422324116
1422208373
1421376323
1420050886
1419714698
1419365426
1419201903
1418714617
1418188422
1418124045
1417969585
1416783765
1416154045
1414870207
1414543859
1413022211
1412770132
1412449692
1411394857
1410223856
1410122704
1409463139
1409433208
1409122148
1408323858
1407984231
1406960299
1406303233
1405936833
1405219833
1404607897
1402889162
1401933261
1401681833
1401442923
1400388937
1399463180
1398814181
1397813669
1396823336
1396697312
1396076272
1395860900
1395514595
1395316866
1395157638
1393797262
1392851291
1392106303
1391973826
1391532172
1391516435
1391231618
1389996802
1389827779
1388850540
1388840565
1388642678
1388280173
1387667571
1387271095
1386058965
1385197480
1384640715
1384494761
1383600352
1382671042
1382591979
1382086204
1381794872
1381690337
1380995412
1380592810
1380377029
1379969975
1379961684
1379819856
1379473685
1378875133
1378753396
1377921447
1376942756
1376227331
1376201411
1375629488
1375454029
1374808728
1374064976
1373955576
1372567228
1372199515
1372107067
1371481434
1371144886
1370911196
1370246850
1369986464
1369103179
1369008723
1368777925
1368739677
1367124938
1366829915
1366454254
1365718992
1365320575
1364828617
1364675221
1362833381
1362136998
1361881392
1361875735
1361534073
1361236262
1360544041
1359843686
1359696970
1359392665
1358967387
1358952587
1358903117
1358056996
1356043664
1355838777
1355721772
1355548604
1355088121
1354911889
1354675424
1353073073
1352247600
1351261014
1351175821
1350929076
1350461774
1349416348
1348870237
1347880836
1347561670
1347354958
1346883472
1346428539
1346016134
1344803138
1344686861
1344571594
1344498743
1344138943
1343275865
1342900249
1342544114
1342417219
1339493312
1339270881
1339203660
1339179565
1338815138
1338696266
1338280222
1337347687
1336785794
1336784070
1336636936
1336606029
1336330634
1335723951
1335637707
1335343905
1331557338
1331524643
1331453683
1330835598
1330278425
1329843864
1329649055
1328700246
1328419622
1328287577
1328281980
1327344327
1326012051
1325839317
1325249749
1325034820
1323672896
1323286959
1322420646
1322305854
1322066206
1322023879
1321948602
1321099379
1320631114
1320464241
1318714533
1318279185
1318105957
1317710872
1317060968
1315915423
1315781313
1315657372
1314581643
1313908229
1313788217
1311895759
1311694127
1311471452
1311000840
1310139596
1309712223
1309698167
1309311890
1308869354
1308734296
1308699826
1308414724
1307769749
1307300518
1307274179
1307000491
1303981477
1303207585
1302719164
1300874895
1299480739
1298925703
1297410199
1297340419
1297232026
1296065630
1295882363
1295641853
1295584083
1295197371
1293678583
1292963443
1291392310
1291108762
1290181427
1288662404
1288615169
1288077793
1288034958
1287390536
1287212383
1285724020
1285452377
1285271934
1283443320
1283070602
1282943508
1282030544
1281483283
1281409516
1280502665
1279231803
1277878332
1277522994
1277502002
1277450437
1277072930
1275669374
1274626604
1274544575
1274483984
1273926018
1273604314
1273282730
1273253880
1273226161
1273197268
1272794721
1272254829
1271982871
1271004008
1270436376
1270309397
1269754171
1269132480
1268185159
1267005492
1266602259
1266130014
1265948307
1264466802
1264064576
1263513111
1262431068
1262003625
1261169954
1260853468
1260442685
1259809614
1259363374
1258505029
1258474604
1257368216
1256549851
1256419423
1255735667
1254948576
1254077333
1253997137
1252954377
1252106142
1252067546
1251768093
1251207115
1250924000
1250867667
1250548344
1249482530
1249350826
1249231297
1248906499
1248323120
1248289838
1248206796
1247942913
1247848148
1247487747
1247377147
1246694961
1246593494
1246322470
1244356492
1243750384
1243389697
1242246652
1242174329
1241633726
1240321110
1239075014
1238750786
1238712520
1238401797
1238205698
1237784046
1237552224
1237098110
1236991967
1235745457
1235259241
1235037104
1234700627
1234440469
1234429261
1234334625
1232794167
1232619336
1232202309
1229912246
1229676346
1229502043
1226764182
1226226653
1225777169
1225592751
1224893616
1224774996
1224772211
1224599001
1221746625
1221723502
1220719967
1220247763
1219748226
1219720112
1219648196
1218015123
1217643611
1216595214
1214721953
1214590579
1213530350
1212698735
1212055335
1211682046
1211119109
1210696881
1210083652
1209231070
1208442530
1207942161
1207006909
1206254135
1205688340
1205364284
1205326383
1204529018
1203871841
1203456644
1202202938
1201992658
1201850022
1201149785
1201026313
1200793996
1200673474
1200361043
1200339076
1199856380
1199664244
1199078399
1198316833
1197860036
1197776278
1197753428
1197005060
1196965585
1196335312
1195719931
1194769846
1194720430
1193889778
1193553127
1193129797
1192931147
1192759996
1192469140
1191755845
1191115830
1191101941
1191003781
1190242490
1188912235
1188614387
1188209339
1188049175
1187936943
1187810103
1187633699
1187525028
1187514347
1186735546
1186561834
1186307202
1186102895
1186088932
1185764978
1185250313
1184959295
1183745113
1183570629
1183529449
1183243716
1183040437
1182852756
1182405622
1182130404
1181842252
1181100146
1180573957
1180521011
1180102324
1179808317
1179173665
1179061762
1177881029
1177871514
1177760671
1176789314
1176751020
1176269067
1176076067
1175390220
1175358541
1175099519
1174322551
1174065739
1173808136
1173567001
1173518038
1173349585
1173028000
1172893995
1172340378
1172176779
1172171283
1171707147
1171638457
1171593962
1171050461
1170775269
1170562439
1170502559
1170078276
1169725590
1169653434
1169545983
1169334539
1168319823
1168220278
1168185814
1167900496
1166208956
1166041968
1165503508
1165081312
1165045944
1164050359
1164007897
1163978391
1163761772
1163361146
1163288716
1162954505
1161815884
1161490115
1161409572
1160874480
1160822706
1160616566
1159932371
1159083627
1156166361
1156089010
1155955559
1155723651
1155604364
1155028292
1154506521
1154225282
1154023684
1152868297
1152606483
1152284701
1151230857
1150404754
1149959176
1149931602
1149323172
1148590554
1148023440
1147472206
1147051297
1147009200
1146528681
1145619730
1145249878
1144982703
1144738344
1144725910
1143971716
1143618681
1143300693
1143013891
1142824325
1142615269
1141708278
1140621204
1139855948
1139376933
1138728908
1138652348
1138548324
1137648300
1137605148
1137564976
1137537392
1135502834
1135493213
1135232582
1134648281
1134439414
1134067617
1134064787
1133535727
1133210313
1132886093
1131778353
1130085353
1129573042
1129330568
1127845426
1127763320
1127071911
1127022811
1126489007
1126318502
1125778776
1125505506
1123799998
1123074593
1123069288
1122767765
1122331653
1122331424
1122282560
1122063420
1119847098
1119238071
1118843621
1117527547
1116531326
1116506346
1116312060
1115583378
1115385628
1114596810
1114574374
1114241357
1112913091
1112884870
1112308980
1111354530
1111332617
1111223839
1110479182
1110053530
1110003492
1109144202
1108840128
1108499240
1108475819
1108375279
1107986965
1107553901
1107474072
1107469621
1107460640
1107048355
1106703385
1106461393
1105595159
1105201578
1103241443
1103210395
1102841235
1102349915
1102322504
1101745139
1101719336
1100709352
1100706905
1100320228
1100031528
1099134280
1099012714
1097852042
1097245624
1097075968
1096869332
1096547393
1095174768
1095143468
1095108937
1094702284
1094654479
1094254299
1092767162
1092491818
1090514577
1090467951
1090376046
1090352831
1089745700
1089661787
1089344861
1088873264
1088648491
1087073693
1086621191
1086237057
1086079567
1085842490
1085629589
1085270304
1085199261
1084553116
1084538260
1084338632
1083746270
1080971856
1080537559
1080185050
1079551152
1079435763
1079327450
1079292986
1078890271
1078553563
1078467685
1077029067
1076303023
1076160607
1076046337
1075274276
1074156468
1072990102
1072280752
1071997521
1071291965
1070827211
1070759906
1070589279
1070219332
1069444803
1069331910
1069252688
1069171477
1069025510
1068739320
1068261489
1068228733
1067938923
1067634037
1065208514
1064945161
1064789677
1064697195
1064256479
1063422654
1062739344
1062702794
1062589846
1061949048
1061448860
1061304330
1059520988
1058726086
1058714841
1058642835
1058409988
1056866254
1056428200
1055803930
1055497553
1054419278
1054331493
1053324743
1053238627
1052905665
1052809481
1052648207
1052583571
1051569224
1050810652
1050443890
1049767448
1049506444
1049097735
1048960611
1048755655
1048309990
1048289309
1047744815
1047659831
1046368660
1046289942
1046154345
1045424268
1044953861
1044936892
1044822267
1044757137
1044596910
1043736304
1043347924
1042493818
1039128881
1038896869
1038437581
1037840963
1037560061
1037290261
1037256925
1037046209
1036209404
1035856468
1035676920
1034901817
1033970545
1032543290
1031583482
1031024910
1029665128
1029092529
1028869228
1028343499
1027410719
1027144276
1027027620
1026946043
1026756138
1025301751
1025283594
1025108475
1024683323
1024402503
1024206026
1022886127
1021495562
1021474447
1021357611
1020993876
1020917042
1020514545
1020506913
1020365957
1020073045
1019438788
1019395414
1019164195
1018304470
1017963074
1017849941
1017681642
1017110761
1016637712
1015950296
1015710498
1015362127
1014694737
1014501150
1014365863
1013575196
1013408955
1012766455
1012305116
1011808587
1011540221
1011498340
1011451051
1010694629
1010553546
1009856030
1009412515
1008680862
1008291023
1008054617
1006686744
1006175712
1006065670
1005740982
1005721707
1005603293
1005201726
1004106816
1004039522
1003756824
1003513724
1002644334
1002579360
1001790891
1000844684
999696177
999413748
998398189
998073565
997716937
996733525
996701091
996672467
996630033
996542253
996263775
996090830
995604952
995392817
995095191
994889838
994704529
994521808
994071953
993946837
993895957
993778418
993268620
992802458
992481186
992269395
991942613
991848129
991742659
991695054
991544380
991308765
990895913
990386421
989264156
988981872
988884005
987426765
986709388
986466202
986454380
986135507
985954965
985164160
984748188
984518625
983805478
983739698
983448859
983423641
983413209
982455394
982320560
981696597
981572258
980174981
978844030
978758362
977941602
977803097
977786760
977735849
977572595
976700282
976332720
976223231
975572283
973981600
973416450
973268066
973033799
972984375
971955977
971588907
971207228
971078071
970657576
970564074
969758686
969482320
968925952
968588187
968466213
968129208
967852979
967703219
967354824
963832396
961495430
961407883
960718593
960698279
960547028
960347571
960000755
959720129
959566129
959104359
958996163
958941058
958052992
957958161
957714152
956985467
956298538
956037141
955315882
955083065
954424137
953801483
953380275
952828149
952381521
952185445
951986200
951586198
950949805
950867029
950800759
950768244
948715013
948227328
947746548
947086040
946864690
946798145
946742147
946525616
946119241
945732131
945707269
945280530
945001648
944840406
943310654
943238970
942104162
942086987
939900814
939421150
938902321
938233404
938115871
937830789
936326702
935822750
935185805
934934338
934362708
933937408
932968408
932424278
932125960
931134124
930964039
930217669
929783458
929381748
929084482
928903183
928734660
927710019
926880217
926507418
925645637
925397418
925255931
924822128
923396746
922849558
922173720
921710386
921688611
920109599
918837307
918263720
917757217
917230973
917218521
917069929
916515176
916201239
914991253
914563983
913873947
913785942
913389429
913086263
912350986
912221312
912023377
911389069
910848254
910790804
910557361
909475488
909164623
909083745
908915781
908760525
907739126
907047735
906398691
906260109
905922700
904806259
904657189
904390506
904083514
902849714
902760084
902499191
902400447
901492276
901419024
900337683
900236692
899651691
899068780
898877656
898305867
897705203
897009694
896439585
895675485
894041609
892992213
892727618
892340421
890753488
889796956
888722564
888265796
887972429
887927550
887405934
886755280
885938690
884683172
884500379
883230957
883053058
882964501
882811137
882480486
882064275
881843310
880806179
880016772
879941652
879801220
879542194
879255733
878955890
878826741
878779404
878667317
878336833
878320714
878271697
877607536
877511208
877500965
877441844
876580780
876109306
875248879
874669639
874226685
874082923
872434181
871810906
871551537
870659681
869456926
869016734
868257926
867816216
866571602
866400433
866318279
865945509
865706825
865536709
864672656
864404539
864240456
864019395
863404172
862028732
860817509
860795450
860266699
859748945
858989515
858726930
858650528
858234829
856878474
856594783
856593402
855705535
855660787
855033614
854929401
854178834
853977722
853796658
853772734
853479508
852331181
852019273
851132146
850769729
850445716
850422634
850360254
850124142
849668468
848985697
847465966
846938764
845145742
844791129
844675495
844021438
843491948
842586243
841998703
841937642
841282895
840394233
839478433
839000160
837940130
837381318
837342569
837089485
836482537
835568142
835342728
835037108
834291201
833197970
832797694
832748165
832267752
831553273
830212134
828579720
828119692
828051193
827562313
825773011
825456974
825039080
824569327
823766850
822948909
822791841
822217963
822062150
821904931
820937311
820776516
818292644
817499589
817368701
817178498
816167424
815860011
815568847
815120031
814963255
814376050
814207801
812915377
812411290
812382056
812260348
811448533
811214142
809987135
809424579
808747851
808482574
808467452
807376186
807173468
807140980
806381596
806340197
805213720
804748392
804344178
804003787
803889874
803822290
801598882
801410932
800866258
799694867
799625346
798676734
798321510
798132135
797195596
797140420
796945914
796507275
796356723
796237158
794857389
794590300
794500996
794248203
793975656
791474307
791358680
790860556
789982845
789589784
789322385
789138947
788856117
787545588
787404398
787378170
786658683
785690194
785189339
785092763
784940077
784563851
784399694
784147802
783274334
782234732
781338778
781077549
780710051
780111744
779947344
779722119
779656440
778047541
777639488
776510743
776446277
775732659
775653803
774620736
774236507
773488037
773408011
773229288
772979334
771628992
770241601
769202234
769113024
768957602
768156161
767857049
767073445
766710451
765667761
764982365
764953561
764893504
764403002
763687134
762365415
761572679
760313008
760203762
759996641
758831613
758005499
757791679
757646043
757160193
756671471
755784999
755391863
754989162
754839009
754832543
754819633
753241610
752663614
751932217
751807049
751268194
751181472
750677892
749979793
749946836
747635757
747557085
747173695
746909731
746145226
745893437
744730850
744430366
744216673
744062171
743622642
743573043
743485086
742262074
742206749
741767288
741036323
740463669
739854846
739798008
739426496
739254883
739077803
738988822
737465109
737399802
736942909
736808610
736782657
736268792
733515667
733397643
732746270
732745962
732320429
731403403
731299012
728675237
727950198
727718738
726163043
725350484
724495230
724201825
723621991
722987839
722732465
720659263
720163639
719122602
718902619
716994650
716799933
716797183
715478563
715165682
714312112
713959802
713798685
713426408
713254416
712777639
711524220
710709589
709401422
709115788
708864718
706529763
706462859
706400903
706151125
706032034
705641533
705399366
705358042
704904845
704530680
704527602
703540878
703335243
702741357
702326788
702305953
702033353
701571420
701362367
701292218
699986242
699896571
698123569
698117797
697598008
697283600
696782339
696111397
695559825
694900645
694734256
694568609
693979161
693393871
693275091
693114681
692306354
692013842
691820073
691803632
690873157
690737216
690280865
690256347
689252530
689087108
688793625
688553060
687101657
686810409
686412654
685771549
685598639
685573770
684583895
684441467
683542901
682962110
682794391
682500956
681947257
681670789
681620245
680461370
679850298
679812069
679659788
679654562
679387611
677427729
677353637
677055263
676927878
676011156
675274838
674098376
673886465
673068371
672077224
671631343
670873351
670741569
670093939
669986907
669490229
669215140
668690938
668356340
667868117
667767074
667410634
666571575
665683079
665445439
664732850
664303967
662675116
662023063
662016284
661485001
660558338
660327530
659201784
659055850
658702306
658497673
658334899
658084494
657972152
655526521
655465162
653886363
653396814
653365664
652113075
651341959
651256146
650902116
650423478
650316423
650293222
649852190
649532545
649130778
647770565
647479544
647457304
647368572
646938759
646497864
646254483
645745979
645641526
645472797
644896765
644715909
644661254
643002268
642701739
642664485
642438515
641823556
641441598
641422224
641287485
640855090
640703290
640655271
640334422
640247270
640074810
638200788
637396955
637106847
636610554
636558598
636509330
636505138
635286417
635256369
635221435
633965367
633162670
632167331
631346963
631341589
630207263
630108150
628398237
628386349
626599322
626072768
625977799
625517261
625499711
624130263
624127138
623395623
622824986
622488028
622442686
622112556
621605744
621365120
620404797
620349793
620010950
618838972
618594722
617819664
617611660
616438948
616153790
616001470
615648825
615586029
615400416
614562920
614243177
613725172
613094625
611865203
611860812
611064154
610310820
610289116
610136047
609487389
609455953
609353193
609333198
609128057
608694739
608442784
608361440
607560130
607058045
606189741
606134092
605257786
605173745
605008471
602358253
602151045
602040833
601584464
600326130
600087195
599909819
599311425
598502447
598355209
597579031
597518592
597466797
597187898
596199808
595164460
595105034
595085181
595008617
594003340
592773771
592752582
592162751
591619493
591612906
590195340
589294428
588686981
588670742
587939168
587610952
587343834
586517374
586407009
585398699
584475169
584023526
583935110
583816565
582840536
582113797
581328560
579115787
577975079
577741503
577711360
575962541
575111317
574820268
574425210
574239781
573599652
573593763
573144020
571430087
570467794
570309527
569560435
569410870
569233940
568797272
567670357
567354120
567017986
566966147
566786434
566627580
566362133
565848885
564855492
564580326
564161552
563177834
563119090
562612991
561516853
560034994
559415542
558630095
558428479
557480646
557377089
556918617
556012383
555952396
554976572
554218964
554184392
554109724
553724955
553706712
553629745
552723814
552239122
552189556
551635330
551451688
551109647
551107135
548894136
548635906
548563959
548433007
547082296
546818512
546634843
546115282
546093720
545751201
545021992
544714086
544372343
544014877
543505022
543279956
543145584
542618161
540384577
540271800
540180144
540014159
539914005
538140740
537678326
537340460
535613372
534422799
534339267
533987420
533926092
533446682
532883902
532777708
531915069
531687051
531628289
531599440
531274558
531255282
530183365
530095415
529855419
529853138
528659498
527878246
526667526
526032681
525115419
524524966
524152713
523982864
523961654
523704429
523099160
522698050
522524962
520530348
519617208
517059353
516634215
516098252
515768542
514808580
514686806
512035256
511539377
511264015
510882562
510816495
509942264
509929295
509120359
507980356
507566732
505799335
505380111
505116636
504555997
503540985
503429071
503368209
502915854
501043093
500959839
500517817
500223565
499720397
499306619
499265680
498993402
498936626
498610584
498385546
498235119
498155588
497911398
497246951
497014229
497002384
496604677
496373457
496193635
495001676
494780057
493013359
492350906
492328789
492001588
491803370
490839679
490766566
490361439
490344108
490159799
489676038
488571434
487866246
487686295
486965836
486616423
485991388
485062066
484426738
483670510
483322602
483211562
482606974
482494304
481845759
481187614
479737663
478742258
478353524
476965209
476615251
476530402
476360594
474938735
474410437
473970780
473932602
473909690
473812147
471320383
471158706
470922147
469510406
468327792
468081103
468008307
467717275
467404013
466702902
466668592
466413835
466167370
464931870
464342191
464081188
463657221
463385933
462328411
461934462
461134689
460814515
459789668
458487010
458439686
458243018
457639432
457369295
456134723
455423424
455055821
454506003
453877294
453484613
453135914
452773215
452416170
451907971
451823538
451799408
451334104
451239013
450953899
450141170
449861637
449530493
447780280
447159160
446978353
446852986
446674289
446235148
445857534
445701477
445503678
445173761
444428083
444361429
442574038
442380947
439009625
438935270
438732462
438530883
437883794
437529673
436707471
436640133
435930128
435927547
435854579
435666759
435435334
435012346
433940696
433784368
433299927
432963297
432694550
431463137
431381020
430443204
428953491
428870816
428767236
427722665
427566785
427528555
427486411
426538890
426529632
426450763
426088648
426075708
425934369
425725444
425679969
425607526
425166745
425007532
423342818
421506023
421317975
421264693
420295081
419591216
418929028
418884602
417596655
417594786
417210637
416879335
416038805
415684326
415497651
415424019
413949230
413768791
413207483
412153708
411366711
410028079
409040106
408987461
408606962
408498096
407738253
407551922
407007169
406547700
406500052
406273668
405887294
405834672
405720224
405415612
405303164
405301699
405217600
404575398
404130536
403643663
403045559
402949370
402932899
402914100
402439567
402086841
400133379
399808059
399804928
399779734
399432663
398742870
398704396
398344374
397059952
396124697
395442147
395290909
394443439
393142150
392229639
392222430
392129069
391631465
391398633
391247783
391037567
390939768
390057942
389983641
389677389
389631091
389626853
389562507
389264675
388998072
386136179
385974097
385771173
385674350
384251909
383867104
382918248
382766187
382561689
380941513
380610869
380318745
380230043
379364524
378442370
377057450
377035156
376726657
376111828
374253916
374054034
372490178
370577519
370170136
370120444
368662421
368239973
368197215
367258259
366265937
366024529
365527727
364767582
364484995
362903661
362395763
362332134
361941213
361837290
361267897
360043326
358788662
358194382
357833805
357295152
356495413
356341077
355521315
354897705
353705621
352871965
352761407
351645063
351626405
350884153
350879944
350240480
349974128
349885778
349809672
349553477
349517383
348765645
348013880
347942840
347107084
346333146
346070317
345559304
344768635
344451297
344072977
343877311
343854328
343088721
343081395
341412908
341393756
341012192
340520055
340482572
340337436
339795690
339261448
339059866
338627296
338166105
337559326
337404368
336346172
336064646
335854571
335530784
335402968
335326845
333099237
331972900
330007633
329676034
329621365
328659175
328333321
327935455
327615251
326460874
326143593
325724457
324552444
324373820
323641502
323511661
323385037
322531435
322443779
321931616
321718681
321666017
318513270
317612228
317054842
316994758
316704836
315705983
314162973
313511300
312951182
312933092
312792171
312743954
311506693
310300762
310188575
310104770
308764573
308673154
308351648
308249232
308240923
308132758
307102823
307062404
306653539
306482358
306072229
305443243
304518386
303879497
302992277
302600565
301800077
300919928
300296660
299949103
299460642
299136575
298962704
298627309
298029108
297334972
297123172
296841824
296610435
296199362
296100392
295972130
295791838
295576497
295561789
294715061
294534840
293721134
292927926
292834493
292407990
290992305
290804560
289881251
289137925
288683399
288541571
288436505
288018442
287699394
286254536
286200041
285611889
285196789
285190658
284778714
284334980
283752985
282498245
282380366
281842493
280913743
280450292
280116657
279919051
279035170
278727410
278434443
276580676
275985057
275446382
275159130
274766565
273594086
272919857
272377474
272150413
270577130
270452529
270316533
269757873
268901565
267786087
267161295
266836385
266302660
266239893
266232472
266076281
265636628
265509594
265111211
264670014
264306636
264295527
263941589
263770248
262582537
261706048
261677014
261612390
260694437
260310126
260244347
259910381
259701537
258919247
257898972
257830539
257742220
257085500
256574568
256285439
255671265
254728475
254272452
254218193
253196754
253070112
252885425
252758451
252450126
252419567
251902198
251177248
250234175
249809685
249315128
248530816
248485618
247959167
247889660
246458391
246020529
245563880
245183740
244601680
244471630
244341275
242361776
242052785
241533177
241264198
241115697
240416300
240156985
238918900
238770381
238129167
236863493
236317943
235306192
234843222
234700360
233881806
232789440
232479686
230506243
229700752
229359344
228577923
228052366
227653081
227278175
227120842
226208095
225629648
223953292
223381666
223335259
222815810
222659722
221455895
220358035
220133970
218643982
217483012
217306142
217032212
216987932
216064355
214821127
213735274
213586564
213408713
213257640
212963754
212824284
211844355
211799661
210836830
210495740
209466097
209129338
208058870
207980457
207434191
206038830
205759172
205572841
205456469
204948403
204249544
203380719
202070612
200377481
200214349
199220742
198715310
198655060
198376397
198369287
198184887
197569786
197536385
197343080
197137972
196929994
196834957
196818388
196712437
195761385
195304386
195187737
195173810
194892244
194444202
194272668
194153088
193908899
193698687
193571217
193292928
192825890
192821257
190697423
190649443
189920849
189655786
189547032
189456341
188464931
187940099
187882001
187721898
186922905
186483434
185025522
184546510
183988282
183322870
182455184
182355906
181778834
181634193
181503511
180963283
180949289
179366749
179138223
178852601
178686721
177900704
177766387
177483032
177118980
176992594
176665538
176414109
176047251
175870634
175618136
175497633
174899981
174441962
174082756
173829606
173751128
173750005
172976154
172352690
172218293
171894133
170351686
169996313
168915297
168864375
168792283
167046056
164820484
164779864
164068477
163148713
162926559
162561550
161170209
158979430
158675860
157020767
153709972
151211763
151155711
150864881
150280005
148226233
147934861
147910199
147840029
147432550
145795638
145173876
144457305
143915231
143379388
143195996
142724307
142528015
141543908
140967707
140874972
139865415
138770902
138726976
138379880
137755311
137217819
137164093
136846824
135806475
134503169
133747413
132595857
132283058
132181252
131965528
131038837
130899854
129145378
128676835
128237825
127475801
127388204
127310947
126584341
126519842
126365781
126141750
126040348
125321594
125225585
124798767
124439272
124262343
123441784
122609787
122027296
121532635
120766848
120573383
118970311
118788683
118755476
118444518
117748989
117663938
117451896
117380063
116997113
116586203
115835487
115424057
115377995
115332739
115251543
115078705
114441682
113670146
113470204
113343405
112855164
111536099
111090296
110854201
110254277
109941921
108122040
107646558
107318474
107221205
106990809
106541284
105658797
105261880
104597970
104070442
103923965
103599073
102203136
101344031
100775151
98872904
98712294
98626135
98130210
97775435
97424163
97354813
97238361
97037548
96828421
96604841
96180795
96178336
96177370
95567903
95328831
94981362
94394572
94381522
94267407
94038361
93677614
93564746
93428968
93229377
92938918
92885300
92647126
92552681
91559393
90940203
89904660
87427518
86468806
86244126
85819014
85275599
85094701
84881761
84079828
83829725
83131830
79641884
78416593
78173299
77481244
76578835
76399691
75809278
75352112
74838800
73259673
73127459
71947799
71813759
71231662
70249053
70176222
70058996
69954300
69850369
69763747
68272400
67710466
67650904
66844539
66709220
66403566
65671904
65129978
64270612
64209932
64208205
63876096
63157803
62816522
62736337
62715315
62037516
62030442
61491913
60849242
60720843
60712564
59086555
58826001
58632005
58608170
57763578
57498052
56877358
55240852
55235977
55071853
54133496
53892371
53654787
53233087
53042078
52881446
52399476
52159242
49519558
48864521
48490993
47890775
47657382
46633839
46386128
46092239
45615453
45091435
44734913
43534204
43101379
43096508
41384387
40324063
39782267
39746138
39310914
38102175
37776968
37355089
36725591
35781131
35412197
35333193
33986558
33672871
33581317
32637238
32623344
32349597
31902745
31380129
31303093
31140580
30949875
30528055
30482339
30300588
29497019
28462758
28021070
26690121
26414411
26047544
25444822
24201726
23526484
22753171
22177530
19607988
18467370
18375176
17015133
15677506
14943471
14003270
12800564
11443061
11394063
11028100
9269162
8439803
8131549
7852465
7691274
6980682
6258022
6137691
5156873
4768348
4743768
4306238
4055491
3421556
3276398
3037588
2357242
1248716
719748
136573
-1083072
-1242302
-1529005
-1715095
-1768274
-1874492
-2912316
-3250099
-3345979
-3636205
-4017335
-4403409
-5636003
-5761702
-6985520
-7486968
-8555508
-8875653
-9216319
-9295471
-9768491
-9932007
-10149738
-10464787
-10504617
-11196008
-11286637
-11319556
-12409721
-12633018
-12666296
-13282207
-13404697
-13468984
-13642351
-13770510
-14147385
-14724654
-19986032
-20012870
-20276405
-20446230
-20467354
-20705712
-21140793
-21582437
-22678516
-23066801
-24062883
-24388700
-24981549
-25336531
-27287057
-27578458
-27691883
-27812243
-27843308
-29074619
-31154328
-31728270
-31875635
-33143177
-33777960
-33841628
-34413784
-35027313
-35727003
-36338292
-36912566
-37510817
-37814683
-38418709
-39918207
-40231647
-40520548
-40826860
-41038621
-42250877
-42725888
-42875830
-45134426
-45364703
-45779954
-45853976
-46374912
-46998405
-48418027
-49349710
-49551446
-49806785
-51037659
-51221542
-51442346
-51683777
-51865814
-52654996
-52775059
-52855660
-53098222
-53359039
-53909794
-54100569
-54316994
-54583716
-54631813
-54744826
-55335654
-56441816
-56721660
-57102716
-58624374
-59165872
-59636617
-59966468
-60294060
-61265206
-61438378
-62156459
-63006404
-63438200
-64051521
-67078951
-67308465
-68122749
-70638968
-70861919
-71010941
-71759377
-75720198
-75739424
-76312465
-76951969
-78133076
-78224938
-78563917
-79803986
-80348062
-80661958
-80941980
-81096499
-81224508
-81458890
-81577573
-81595174
-82194626
-82941315
-84791956
-85622788
-85752429
-86187047
-86706289
-87324337
-87460991
-88176259
-88847290
-89262565
-90247053
-91708469
-91827035
-92171698
-92883352
-92953382
-93289315
-93789199
-94345957
-94734219
-94940262
-95205658
-97178130
-97511116
-98037810
-98350001
-98819823
-98984365
-99892880
-100111153
-100858961
-101018970
-101131451
-101779454
-102272888
-103597080
-104127606
-105029998
-105854480
-106071177
-106822359
-106980834
-107218301
-108384213
-108641506
-108829439
-108917354
-109550723
-109811813
-111340339
-111361812
-112264189
-113479618
-113502509
-113619990
-114771072
-114977163
-115013034
-115218589
-115254050
-116617683
-117211464
-117474102
-117565201
-118173799
-118828081
-119355529
-119817192
-119909189
-120193358
-120365670
-122008709
-122111293
-122778777
-124430787
-124969210
-124991868
-125101870
-125469645
-125517965
-126163996
-126231395
-127421388
-127481157
-129378154
-131942256
-132429124
-132818536
-132938519
-133187698
-133339026
-133715201
-133936253
-134265292
-134996404
-135962568
-136006764
-136303945
-136794759
-136914401
-137029575
-137082621
-137689191
-137736974
-138327834
-138344560
-138893723
-139156362
-139362967
-140985272
-141816544
-142297760
-142369376
-143044946
-143963632
-144377322
-144937435
-146070290
-146106797
-146406279
-146912859
-147753642
-147833264
-148431029
-149008741
-149185139
-149576273
-149637392
-150216439
-150603676
-151418740
-151486118
-152416850
-152766285
-153159574
-153556721
-153805832
-154175114
-155893364
-157244472
-157259212
-157323053
-157530695
-157667757
-157743587
-158311605
-159504734
-160402147
-161822686
-161937855
-162117110
-162249645
-164921065
-165205117
-165699114
-165875405
-167948646
-168185420
-168791918
-168992040
-169546722
-169650414
-170335977
-170382833
-170703281
-170899437
-171430024
-172369181
-175247226
-175529341
-175887766
-176236502
-176554090
-177490224
-177865773
-178262598
-178549472
-179275035
-179323671
-179991624
-180339468
-180584117
-180865958
-181229962
-182624993
-183916541
-184725180
-184727738
-185334664
-185601464
-186401182
-187367895
-188340481
-188871776
-189535482
-190784520
-192707910
-192880131
-194364394
-194631283
-194917384
-195559197
-195986222
-196562670
-196740921
-197048554
-197671784
-198065275
-198222010
-199577594
-199614872
-199874573
-199876106
-200408934
-201218355
-201661314
-202082180
-203242705
-203421746
-203681426
-203944852
-205691573
-206144872
-206876035
-206967895
-207070425
-207154581
-207439217
-207446760
-207841797
-208257646
-208346185
-209053091
-209603054
-210583616
-210621093
-210675354
-210800973
-210874703
-211403861
-212389414
-212472209
-213731906
-214039144
-214535892
-214774352
-215421448
-215717684
-215980919
-216291377
-216715850
-217334254
-217389143
-217750888
-218073677
-218384349
-218913282
-219121176
-219228531
-219394022
-219411006
-220320814
-220415014
-220697223
-220775353
-221827541
-222719216
-223347442
-223782191
-224300192
-224689377
-225944936
-226166948
-226167450
-227710180
-227722968
-227840999
-228661196
-228787807
-228909424
-228994019
-229227240
-229519504
-230289037
-231400631
-231569709
-231755570
-232721229
-233322840
-233579520
-233647549
-236563179
-236589859
-236684490
-237199629
-237617441
-237840798
-237873473
-237973145
-237979478
-238032769
-238258297
-239299113
-241020141
-241098611
-241884084
-242688187
-243789545
-244689884
-245082165
-245350998
-246119113
-246147471
-246696113
-247322369
-248093213
-249087857
-249093432
-249693631
-250111802
-250348235
-251478014
-253490621
-254044623
-254285691
-254716166
-255093354
-255188104
-255690528
-256005880
-256199307
-257654628
-257766626
-258151541
-258785896
-259471922
-259732012
-259815620
-259859432
-260153503
-260908408
-260968643
-261303165
-262146437
-262660641
-262968682
-263140147
-263546562
-263857309
-264199470
-264212324
-266104088
-266628485
-267169537
-267750853
-267981300
-268927612
-269159752
-269204663
-269675212
-269748290
-270117456
-271728648
-272125726
-272257714
-273020587
-273079912
-273100138
-273262571
-273477001
-273571762
-274767440
-275495483
-276423587
-277249643
-277390941
-277471778
-277772557
-279141379
-279424982
-281108441
-281240471
-281250936
-282035512
-282626191
-283195128
-283197014
-283411650
-283548878
-284021691
-284109845
-284194274
-284815742
-284824167
-284824541
-286069199
-286651732
-286849944
-287023344
-287210545
-287623441
-287628968
-287638705
-287804652
-287960610
-289526205
-289675642
-291183193
-291400383
-291951443
-291990884
-292027918
-292371395
-293292381
-293359103
-293758632
-294563261
-294595052
-294757950
-294792296
-295069021
-295099463
-295272795
-297341450
-297613269
-297960427
-298914564
-299502161
-301438667
-302386456
-302824760
-303450511
-303549218
-306467277
-307058718
-307559801
-307657023
-307708271
-308126987
-310163617
-311243353
-311334257
-311622972
-312845432
-313004289
-313971087
-314635619
-315020795
-316973954
-317302104
-317509946
-319051006
-319376493
-320312847
-320818962
-321549885
-321628404
-322322458
-322743341
-323055338
-323249744
-324113453
-324153224
-324379049
-324662106
-324748604
-325151963
-325635228
-326683247
-326985653
-327146050
-327423596
-327426119
-329624508
-330443067
-331481059
-332373170
-332642234
-332972052
-333398456
-334796983
-334898523
-335177003
-335400068
-336441768
-337583298
-338359655
-341257938
-341448028
-341889346
-346322220
-346377724
-347465062
-348135211
-349610387
-350042227
-350948091
-350991280
-351563343
-351857204
-352487548
-353156643
-353675550
-354132929
-355598624
-355925200
-357366280
-357922519
-358157935
-358928436
-358996119
-359066894
-360687360
-361540350
-361974465
-362589717
-362602478
-362715601
-363915094
-364947073
-365947027
-366612343
-366634559
-367887490
-368070413
-368762139
-368778050
-369260141
-369636024
-369791531
-371051058
-371195415
-372365894
-372473341
-373479482
-374303951
-374562509
-375309170
-375398234
-375584338
-376236525
-376353082
-376759940
-377794057
-378157298
-378814532
-380633168
-381079593
-381247009
-381634045
-381891607
-382324976
-383540731
-383786576
-384575412
-385608409
-385639964
-385656409
-385848374
-385880471
-386842216
-387282785
-388172005
-388414469
-390973828
-391117847
-392042733
-393003696
-393083292
-393547118
-393667226
-393729449
-393787419
-393991828
-395079736
-395347065
-395962387
-396463126
-397122356
-397132874
-397204314
-397240177
-397640008
-398178159
-398261314
-398430965
-398532364
-399247570
-400161499
-400185470
-401000310
-401111259
-402559803
-402591886
-402978926
-403522249
-405194295
-405382507
-405691037
-406539719
-407834393
-408665384
-408768587
-409608165
-409994777
-411325633
-412329257
-412528161
-412575355
-412701436
-412838748
-413777710
-413835838
-414062038
-414565418
-414628369
-414747420
-417827618
-419551166
-420515038
-421878751
-422336734
-423632604
-424585715
-425543128
-425759728
-426848853
-427303561
-427864010
-427999031
-428059756
-428374118
-428596418
-428790619
-429589830
-430280362
-430516593
-433002741
-433093424
-433167099
-433724078
-434771943
-435670519
-436464947
-436816097
-437346855
-437452586
-437815196
-437822743
-437917426
-438013400
-438713846
-441027787
-441409451
-442631368
-442744063
-443114226
-443156145
-444216252
-444588276
-444990838
-445165740
-445236719
-445519455
-445995005
-446929244
-447372922
-447502771
-448332930
-449644600
-450603738
-452035483
-452536831
-452542275
-453058228
-453264791
-453838526
-454178395
-454430875
-454641267
-454754937
-455913599
-456556372
-456788752
-457018198
-457144045
-457803277
-458079850
-458109438
-458137814
-459410362
-459585971
-461265821
-462247529
-462673376
-463222931
-465477348
-465574848
-465664073
-465833737
-466273154
-466398172
-468215506
-468898656
-468899385
-469207396
-470730138
-470960784
-471410657
-471529685
-471830182
-471964458
-472318027
-472329077
-472701122
-473046781
-473742250
-474608323
-475307598
-476436086
-476594744
-476929722
-477400717
-477622479
-477798191
-477798445
-478419224
-478422825
-478675945
-478844381
-480470133
-480826123
-480847608
-481410581
-481635381
-482249784
-482356890
-482565165
-482985541
-483132649
-483478542
-483692850
-484944718
-485037177
-486041097
-486214890
-486353610
-486626999
-486902238
-487991313
-488292134
-488335107
-488717457
-489114122
-489114897
-489629967
-489661780
-489922190
-490186333
-490444152
-490632244
-491396261
-492651270
-493224981
-493467521
-493487745
-493626558
-494047666
-494299907
-494537460
-495358037
-496196174
-496693464
-496729599
-497704973
-498179763
-498834683
-499267946
-499467299
-499634688
-499733159
-501109092
-501300344
-501576422
-501650248
-501766517
-502839007
-502930065
-503200130
-503531285
-503556920
-503581830
-503601851
-503792431
-504177868
-505684912
-506219509
-506230268
-506385766
-507651220
-507930276
-508868855
-509202848
-509308506
-510379597
-510533894
-511084228
-513295323
-513833656
-514017263
-514535391
-515011874
-515968915
-516559113
-516610087
-516613215
-517407550
-517527151
-517900515
-518128368
-519494082
-519725073
-520199204
-521110765
-521367992
-522406656
-522730074
-523359154
-523727344
-523810251
-525250534
-525686765
-525965403
-526193549
-527076792
-528542081
-528738392
-530398307
-530611666
-531073299
-533147421
-533440529
-533994124
-535652921
-535694612
-536339709
-536500444
-536586404
-536629306
-536692226
-536956144
-537037905
-537284372
-537849382
-538704165
-538738789
-539157186
-539401447
-539441722
-539496476
-539760071
-540166737
-540901546
-541583971
-542498821
-543535338
-543778195
-543956352
-544798271
-545023815
-545760561
-546038048
-546438286
-546481870
-546856394
-548912106
-548977739
-549111195
-550664718
-551180257
-551923834
-552847755
-552965670
-553180704
-553306380
-553739916
-553830936
-554080879
-554238866
-554704615
-554991334
-555672633
-555710022
-556197563
-556576955
-557502983
-558753932
-558887591
-559802051
-560952388
-561149517
-561401559
-561597913
-562353337
-562534445
-562617948
-562831875
-562939479
-562972313
-562980141
-563412373
-564160774
-564200719
-564260895
-566759982
-566994315
-568422179
-568576880
-569955430
-569965028
-570517910
-571625274
-571714521
-571813401
-571956023
-572065335
-572069602
-573540009
-573705720
-574009318
-574332251
-574456729
-574986896
-575273751
-575476516
-575528994
-576428288
-576967281
-578616914
-579026277
-579516196
-580601865
-580693651
-580908054
-581771154
-582798444
-584074197
-584451102
-584969547
-585163116
-585411278
-585771397
-586016383
-586044997
-586249103
-587291090
-587422984
-587427605
-588146598
-589015627
-589615607
-589965488
-592445322
-593614125
-593820141
-593873062
-594341328
-594801122
-595436993
-595545091
-596114870
-597199194
-597324963
-598393778
-599333305
-599371357
-599604276
-600213725
-600302109
-600391584
-600665853
-600747209
-601005964
-601817864
-601980987
-602020773
-602141134
-602847052
-603150333
-604723285
-605152331
-605440012
-606591455
-606593283
-606953162
-607017572
-607282494
-608308279
-608861340
-609088419
-609202874
-611448491
-612000944
-612410236
-613046639
-613367756
-614265535
-614554493
-614797972
-614912218
-615361267
-615725420
-615852690
-616252970
-618221534
-618546479
-618914558
-619528683
-619625795
-619644926
-620746362
-621747107
-622194801
-622381156
-623358265
-623455591
-624917447
-624970994
-625379331
-625582427
-625794745
-626312411
-626652318
-626805723
-627283592
-627341260
-627849045
-629000121
-629272124
-629672821
-629769361
-630278595
-630802210
-631344473
-631512034
-632439440
-633639541
-633939677
-634236253
-634744456
-635057388
-635236408
-635350141
-636393198
-637267165
-637653915
-637881771
-638131142
-638374955
-639198066
-639791105
-640912481
-641370033
-641399143
-641856597
-642114347
-642179112
-642554749
-643069412
-643282736
-644303009
-644907777
-645437730
-647847506
-648855582
-650129686
-650362252
-650818247
-651332321
-651757392
-651790654
-652158979
-652452816
-652847040
-652880405
-654483679
-655378547
-655398103
-656216541
-656807630
-657094394
-657413916
-657851977
-658929799
-660092124
-661168195
-661392636
-661411283
-661594129
-662113088
-662143313
-662758221
-662954646
-663083094
-663256797
-664036924
-664234363
-664264060
-664552780
-664794280
-665017069
-665146631
-666028971
-666268865
-667332150
-667933512
-668100058
-668142414
-668460816
-669361757
-669518881
-671920822
-672444849
-673085355
-673366087
-673860094
-675017478
-675443416
-675479101
-675852031
-676790555
-676803384
-676888558
-677887169
-678609995
-678672561
-678844161
-678899115
-678941785
-679883390
-680678404
-680801481
-681122174
-681329589
-681381723
-682008483
-682035935
-682817457
-683135505
-683432017
-683577003
-683882090
-684375695
-684641157
-685023248
-685675941
-685749810
-685919927
-686142441
-687049125
-687173230
-687445140
-688958468
-689041346
-689670371
-690185401
-690301673
-690344998
-690620661
-691062618
-691752736
-691916551
-692347501
-692829537
-693118445
-693449930
-694747605
-695177815
-695825430
-697400020
-699186252
-699725287
-700749272
-700830150
-701613639
-701829656
-703003517
-703356931
-703573190
-704557921
-707001302
-707125197
-707392187
-707520020
-708111566
-708217230
-708665525
-708797653
-710424027
-710527377
-711644493
-712078590
-713699147
-714476314
-715399213
-716220719
-717315876
-717318470
-718722165
-718876767
-719087750
-719503183
-720103035
-720375677
-721250474
-721634131
-721753505
-722924306
-723087177
-723455770
-723491518
-723755582
-723829164
-723864075
-724316164
-724616992
-724748862
-724804488
-726269634
-726666087
-726785036
-727085358
-727932425
-727932848
-728174047
-729957959
-730583894
-730746444
-731101632
-731359340
-734290454
-735301967
-735703896
-736661604
-736898104
-736985915
-737644355
-738063233
-738656335
-739021735
-739825257
-740227781
-740847665
-740880052
-742491712
-742594038
-744687547
-745961430
-746968488
-747113638
-747293308
-747736777
-747818721
-748339634
-748371646
-748482697
-748577248
-748956537
-749183717
-749412973
-749500540
-749673987
-750058300
-750187245
-750382666
-751116703
-751725088
-753284753
-753362642
-755564613
-755631444
-756586678
-756912248
-757546080
-757659584
-758113260
-758413514
-760072160
-760098376
-760222169
-760593059
-760690682
-761468930
-761487724
-763400714
-763726124
-763837569
-763896309
-764086531
-764564767
-764794858
-765198557
-765524113
-766519956
-766557740
-767265238
-767883261
-768095062
-769632906
-770918749
-771176842
-773357576
-773602602
-773651411
-774328477
-774439633
-775472603
-775491802
-775580047
-776674729
-776758885
-776954341
-776980490
-777113999
-778621736
-778797792
-778945400
-779132338
-779472292
-779798797
-779937737
-780921809
-781085583
-781370368
-781405062
-781662164
-781665906
-782080865
-782480500
-782774776
-783694626
-783753142
-783863104
-784193958
-784698200
-784952603
-785128934
-785195267
-785619481
-785625197
-786642294
-786946207
-787621062
-787706311
-788746894
-789493802
-789864246
-790200267
-790255745
-790348470
-790841239
-793420857
-794777811
-795134969
-795528405
-796077233
-797007531
-797570230
-797586559
-798121623
-798509113
-798828685
-799201584
-799203551
-799665348
-801380819
-801556714
-801573619
-802349395
-803160206
-803259208
-803300293
-803500643
-803581147
-804951176
-805263231
-806128413
-809016671
-809427007
-811295448
-811380226
-811751359
-811899954
-812157711
-812195986
-813166885
-814624236
-814631767
-815125008
-816281539
-816869445
-816972915
-817479211
-817637599
-818433408
-818696845
-819495543
-819941902
-820432306
-821276739
-822472784
-822881921
-822948736
-823285887
-823552014
-824175462
-825520377
-826850328
-827169729
-827479354
-828783499
-828850153
-829373624
-829691749
-829952925
-830145153
-831865855
-832037679
-832142312
-832417823
-832587923
-833000558
-833307472
-833645380
-833969020
-835018800
-835240000
-836256538
-836397483
-836922246
-837412002
-838976822
-839593198
-840390147
-840982376
-841249014
-841292078
-841341073
-841881269
-843113887
-844036944
-844629251
-844916563
-845266442
-845623665
-845741079
-845817789
-846342754
-846522456
-847095238
-847287216
-847358313
-848932183
-849531323
-849730373
-850370097
-850464148
-851041823
-851648873
-852445323
-852484197
-852824535
-852880372
-853172138
-853629924
-854399245
-854717879
-854730675
-854790732
-856931436
-857082712
-857264340
-857725048
-857838282
-857921423
-859470013
-859525816
-860327587
-860365227
-860391068
-860461820
-860807188
-861427663
-862309646
-862897645
-863400572
-864800655
-864860233
-866061779
-868621064
-869291946
-869622394
-869906161
-871554580
-871998436
-872061180
-873209830
-873958509
-874129563
-874544836
-874972558
-875527776
-876374092
-876374166
-877737327
-877918141
-878033164
-878325212
-879298730
-879555076
-879691891
-880716714
-882486155
-882871029
-882930606
-884253350
-884457986
-884960766
-885069766
-886577985
-886725402
-887600223
-887897785
-888512740
-888701403
-888758366
-888861251
-889066743
-889461902
-889647600
-890217001
-890555690
-891233285
-891308149
-891700918
-892024124
-892044572
-892376806
-892463196
-892619338
-892647755
-892948919
-893193969
-893946406
-893962451
-894901609
-896911606
-897732758
-898034686
-899457688
-899803843
-899864540
-900146059
-900307335
-901131560
-901714103
-901812424
-901945055
-902059677
-902179005
-902431263
-902696484
-903802267
-903807532
-904290487
-905303832
-905463351
-905771091
-906416986
-906487062
-906939440
-906964528
-907041125
-907514976
-907788236
-908011007
-908226399
-908821099
-909238084
-909252535
-909976857
-910253284
-910258805
-910514693
-910842669
-911989966
-912838942
-912858804
-913324865
-913554453
-914048641
-914092515
-914890320
-914928021
-915619832
-915959621
-916821210
-917192059
-917388187
-917431580
-917506978
-917592521
-917693511
-917736237
-918587221
-918968047
-919346566
-919420114
-919991446
-920014868
-921697818
-922363860
-922834811
-923033022
-923422486
-923696575
-925037077
-925237122
-925874358
-926723115
-927466120
-928376553
-928428553
-929612309
-930535364
-931861672
-932015310
-932159533
-932428318
-932865363
-932891430
-933073221
-934213615
-935169869
-935345904
-935777989
-936066697
-936390088
-936712202
-937882672
-938047384
-938195864
-939136089
-939235916
-940346410
-940887432
-941171727
-941776257
-944071602
-944409161
-944870391
-945575764
-945858414
-945974800
-947072655
-947143452
-947467117
-947608474
-948528409
-948539015
-948702972
-949177250
-949646102
-950142041
-950555021
-951331658
-951332139
-951649426
-952710842
-953845873
-954589276
-954681780
-955170590
-955505704
-956992681
-957063115
-957436977
-957885790
-958574129
-958735160
-958893530
-959059473
-959459290
-959542110
-959891529
-959968511
-960924082
-961793447
-962136620
-963036847
-963522689
-964891539
-964998738
-966412089
-966712539
-966744171
-966916286
-966955278
-967153072
-967703254
-968096914
-968790003
-969561457
-970019535
-970139389
-971219755
-971917682
-971999831
-972149340
-972627118
-972836175
-973635798
-974499388
-975222306
-975435915
-976379807
-976519902
-976954591
-977592622
-977607845
-977836742
-978369793
-978469292
-979258422
-980229060
-980745469
-981796757
-985125532
-985304220
-985478310
-985761094
-985954336
-987047374
-987300004
-987724380
-989378706
-989683753
-989989716
-990562050
-990715301
-990758883
-991873466
-991943208
-992119963
-993200750
-993961193
-995041924
-995832000
-996009253
-996655463
-996743179
-997470050
-998497544
-998556765
-998738978
-999194416
-1000002918
-1000066990
-1000254558
-1001372867
-1001464950
-1001821478
-1002503402
-1004600724
-1004685659
-1004934203
-1005160402
-1005533097
-1006477666
-1007299191
-1007487719
-1007897805
-1007899381
-1009144809
-1012681768
-1012955066
-1014160115
-1015094090
-1015690848
-1015811745
-1016246825
-1016722855
-1017792856
-1017868246
-1017923686
-1019230832
-1019551896
-1019553876
-1019832867
-1020826490
-1021060385
-1021293885
-1021738682
-1021742213
-1022004622
-1022028006
-1022709623
-1023487720
-1025168171
-1025331377
-1026258032
-1026562946
-1026813215
-1026890885
-1027562289
-1027975010
-1028249210
-1029516951
-1030001264
-1030143527
-1030358705
-1030992339
-1031433858
-1031960646
-1032158777
-1032206374
-1032239415
-1033233539
-1033597481
-1034230812
-1034270349
-1034917791
-1035075455
-1035612885
-1035743819
-1035871188
-1036388840
-1037033329
-1037320003
-1037451477
-1038626269
-1038870424
-1039252029
-1039889232
-1040630697
-1040741972
-1041310021
-1041807445
-1042415698
-1043356726
-1044228154
-1044436015
-1046286112
-1048542566
-1048598970
-1049190821
-1049591779
-1049601881
-1049999602
-1050209410
-1050258266
-1050637247
-1051124071
-1051921003
-1051932616
-1052281662
-1052631224
-1052693571
-1052806836
-1052978942
-1054222638
-1054386582
-1054819845
-1055400778
-1055729028
-1055900475
-1055944415
-1056208653
-1056999879
-1057113535
-1057371921
-1059175654
-1059588670
-1059710986
-1059712443
-1059786993
-1060371343
-1060621360
-1060969185
-1061156038
-1061571203
-1061589673
-1061791352
-1061889468
-1062396242
-1063185488
-1065333599
-1066824514
-1069604179
-1070308183
-1070310402
-1071925215
-1072651705
-1073370749
-1073734071
-1074341858
-1075756931
-1075970315
-1076652786
-1077486312
-1077614731
-1077811938
-1079079605
-1079707557
-1079720773
-1080819614
-1080834765
-1080844144
-1081344339
-1081622070
-1082674765
-1082693062
-1083009380
-1083147621
-1083196307
-1083726105
-1083962639
-1084286525
-1085253836
-1085710161
-1086338139
-1087497460
-1087848071
-1088771084
-1088855233
-1088996605
-1089720197
-1089755053
-1089897952
-1090586683
-1091910686
-1092295399
-1092489763
-1092941048
-1093537095
-1094967015
-1095230122
-1095867722
-1096402326
-1096489844
-1098178455
-1098937234
-1099088396
-1099346846
-1099558794
-1099638062
-1099802009
-1101095591
-1101649186
-1101777627
-1101826478
-1102603531
-1102635696
-1103115211
-1103893100
-1104327683
-1104388050
-1104523973
-1104719265
-1105962496
-1106296970
-1106441911
-1106661592
-1107116474
-1107215280
-1107696128
-1107955619
-1108272597
-1108586856
-1109973546
-1110044571
-1110247313
-1110290234
-1112710023
-1113035907
-1113531082
-1113642962
-1113932633
-1115693096
-1116089560
-1116227088
-1116545394
-1117123095
-1117383337
-1117481947
-1117958383
-1118219168
-1118343855
-1118468954
-1118625552
-1119161409
-1119387738
-1119637565
-1119983684
-1120487952
-1120974050
-1123007957
-1123045630
-1125221956
-1125597808
-1125734728
-1125958924
-1126104763
-1126684123
-1126896735
-1126935508
-1127116600
-1127410254
-1127507488
-1127952376
-1128596040
-1128703936
-1128929598
-1128934595
-1129055826
-1129158497
-1130023675
-1130204533
-1130641882
-1131894701
-1132039998
-1132383402
-1132730871
-1132872460
-1133059645
-1133145284
-1133245336
-1133367761
-1133495264
-1133659263
-1133756685
-1134065951
-1134358530
-1134679291
-1135045720
-1135384899
-1137327523
-1138920744
-1138966567
-1139192010
-1139638236
-1140901109
-1140965601
-1141560813
-1141635207
-1142223406
-1142351992
-1142375567
-1143842173
-1144876780
-1147088142
-1148082233
-1148378742
-1148756027
-1151635762
-1152124570
-1152802960
-1152851062
-1153957611
-1155389570
-1156211592
-1157067505
-1157252862
-1157564283
-1158531669
-1159025161
-1159800910
-1161956862
-1161987407
-1162704950
-1163042683
-1163399953
-1164046159
-1164221087
-1165349577
-1165925586
-1166098674
-1166349883
-1166794754
-1166978872
-1167035911
-1168580185
-1169972444
-1170929337
-1171182033
-1171428312
-1172564550
-1172679189
-1173345519
-1173466216
-1173592243
-1173814171
-1173929497
-1174663851
-1174905076
-1175103013
-1175191258
-1175560584
-1175648786
-1176277509
-1177680760
-1177827882
-1178828256
-1179098107
-1179165306
-1179719504
-1179984450
-1181267543
-1181845395
-1182008110
-1182825548
-1182859215
-1182961584
-1183395888
-1183607158
-1183988748
-1183995890
-1184346014
-1184933185
-1185747090
-1186193134
-1186501128
-1187533528
-1187619273
-1189837528
-1190467396
-1191840741
-1192780524
-1193469424
-1194083787
-1194872654
-1195110859
-1195882738
-1197419050
-1198941502
-1200156727
-1200339993
-1200939772
-1200946791
-1201070047
-1201798504
-1203820761
-1203939275
-1206375097
-1206805813
-1206930855
-1207030927
-1207261678
-1207785701
-1207934220
-1208196590
-1208573733
-1209284127
-1209720689
-1209762003
-1209943563
-1209968791
-1210005929
-1210514475
-1210656522
-1210935809
-1211420088
-1211866694
-1212270450
-1215013998
-1216133043
-1217264933
-1217430046
-1217646726
-1217789967
-1218153112
-1218761831
-1219025695
-1219762838
-1220065301
-1220084858
-1220634857
-1221151943
-1222038476
-1222640459
-1222821115
-1223804719
-1224236257
-1224423702
-1224521395
-1224701534
-1225028894
-1226789310
-1227135806
-1227145709
-1227393002
-1227914724
-1231906508
-1232262013
-1232744346
-1233181435
-1234103624
-1234473175
-1234479125
-1235826203
-1236519535
-1236809795
-1237745411
-1238448524
-1239052094
-1240757040
-1240975593
-1242087531
-1243004212
-1243025125
-1244322649
-1244736528
-1244794894
-1245064864
-1245548236
-1245736259
-1246933045
-1247455155
-1248224589
-1248321700
-1248477289
-1248824726
-1249042078
-1249454843
-1249735595
-1250144001
-1250324071
-1250347340
-1250793135
-1251247946
-1252385603
-1252461817
-1252559491
-1252791684
-1252981136
-1254623609
-1255582630
-1255633130
-1258314042
-1258441280
-1258597020
-1258741220
-1259745624
-1259752962
-1260289083
-1260314861
-1260884167
-1261417329
-1261453292
-1262339704
-1262483377
-1262874742
-1263040292
-1264896829
-1265150216
-1265477374
-1265512610
-1266129970
-1268324552
-1268846372
-1268981875
-1270579519
-1271155557
-1271178311
-1272030972
-1272293374
-1272613192
-1272822516
-1272873825
-1273658106
-1274369797
-1276660571
-1277746030
-1280624521
-1281265675
-1282178020
-1282519260
-1282923672
-1283858642
-1283902699
-1284004498
-1284750811
-1284779088
-1284872977
-1285010905
-1285603753
-1285674589
-1286797475
-1286972125
-1287064556
-1287687932
-1287885688
-1288180841
-1288782715
-1289191682
-1290695686
-1291565176
-1292332223
-1293230423
-1293872009
-1294054254
-1294201675
-1295247577
-1295299144
-1295510271
-1295716729
-1295874664
-1297073148
-1298051515
-1298482200
-1298919117
-1299292882
-1299415053
-1299720894
-1300956954
-1301550023
-1301875234
-1302273046
-1302396632
-1302481604
-1303302351
-1303420476
-1303508994
-1304627043
-1305420294
-1306572509
-1307155487
-1307613791
-1307818616
-1308485478
-1308806015
-1308950881
-1308980299
-1309072220
-1309231027
-1310896331
-1311353910
-1311841737
-1312197671
-1312337580
-1312977454
-1313016163
-1313404098
-1313525490
-1313558816
-1313753993
-1314673387
-1314715281
-1315448219
-1316425168
-1317700216
-1317909644
-1319648110
-1319751200
-1320233614
-1320252584
-1320913096
-1321091066
-1322531544
-1322859669
-1323445874
-1323801295
-1324274837
-1324385565
-1324387524
-1325495140
-1325499647
-1325787111
-1326378072
-1326748943
-1326886356
-1327306597
-1327485342
-1327969996
-1328599057
-1329688816
-1329774781
-1329961336
-1330227839
-1331218161
-1331327039
-1331675157
-1332230242
-1332249586
-1332615410
-1332890741
-1333054280
-1333523894
-1334125759
-1334347965
-1334678453
-1334888944
-1336063325
-1336130103
-1336817048
-1336909887
-1337027774
-1337069571
-1337211684
-1338451188
-1339116108
-1339922723
-1339942589
-1340015192
-1340098369
-1340099845
-1340495645
-1340689368
-1341122489
-1342241049
-1342654255
-1343007789
-1343444703
-1343462424
-1343671929
-1344561201
-1345007265
-1346256261
-1346962206
-1347111933
-1347257407
-1347932335
-1348552032
-1349446359
-1349885850
-1350212295
-1350833555
-1351384511
-1351467154
-1351495917
-1351902937
-1352027203
-1354021769
-1354329475
-1355150680
-1355650620
-1356518749
-1358412428
-1359109594
-1359545414
-1359652655
-1359653932
-1359713145
-1359925239
-1360260161
-1362557236
-1363488316
-1365438508
-1365637151
-1365866086
-1366282717
-1366304096
-1366312406
-1366328737
-1366381183
-1366836038
-1367218062
-1367866101
-1367884559
-1368776517
-1370380137
-1371003946
-1371189624
-1371943902
-1372027906
-1372161898
-1372296940
-1372877916
-1373061493
-1374422264
-1374599221
-1375615440
-1375747837
-1375877979
-1376684660
-1376797787
-1377608551
-1378146426
-1378176623
-1378687583
-1379313015
-1379622726
-1379886408
-1381001878
-1381014922
-1381244483
-1382188386
-1382299458
-1382389285
-1382661135
-1383241335
-1385061795
-1385100427
-1385426768
-1385666558
-1386366568
-1386953374
-1387502864
-1387609797
-1388286937
-1388580272
-1389699042
-1390086539
-1390347573
-1390790063
-1390885824
-1391829195
-1392145092
-1392444211
-1393271747
-1393344154
-1393958621
-1394727404
-1396465798
-1396663751
-1396819366
-1396838006
-1397733086
-1397795546
-1398384566
-1398625763
-1398930062
-1399156112
-1400181176
-1400210399
-1400598681
-1400600978
-1400900690
-1401285931
-1402833158
-1403401030
-1403417699
-1404417204
-1405228702
-1405250424
-1405735275
-1407029497
-1407267509
-1408098632
-1408469615
-1408847509
-1408940718
-1409143699
-1409551628
-1409594451
-1409746306
-1411242553
-1411413293
-1411712459
-1411895730
-1412485238
-1413096729
-1414021713
-1416844243
-1416976023
-1417099396
-1417105749
-1417635875
-1417684318
-1420322752
-1420752191
-1421169280
-1421666828
-1422198123
-1422343583
-1422853932
-1423060382
-1423591144
-1424345743
-1424965862
-1426354897
-1426594164
-1426966755
-1427388921
-1427704217
-1428119180
-1429267228
-1429426793
-1429612546
-1429674224
-1430127661
-1431192562
-1431427358
-1431441315
-1431478159
-1432134905
-1433674578
-1433847153
-1433898063
-1434656391
-1435962668
-1436453450
-1436454557
-1436658932
-1437602562
-1438050066
-1438076231
-1438284850
-1439094087
-1439557672
-1439652862
-1440097179
-1440175839
-1440218709
-1440805224
-1441168055
-1441328205
-1441911822
-1442441397
-1443124358
-1443824903
-1443824968
-1444379038
-1444620488
-1445083332
-1445486053
-1445576629
-1445989052
-1446297305
-1446848991
-1447049836
-1447107854
-1447513375
-1447593029
-1447654685
-1447759478
-1447970908
-1448751450
-1449275166
-1449527442
-1449612095
-1450113447
-1450552526
-1450885818
-1451480776
-1451947477
-1452176541
-1452410491
-1454059575
-1454159819
-1454243319
-1454545941
-1454865368
-1455174004
-1455766480
-1456540190
-1456606740
-1456789576
-1457989702
-1458118239
-1459021018
-1459263075
-1459442148
-1459472766
-1459822853
-1460295118
-1462586911
-1463401009
-1463867716
-1464113361
-1464432295
-1464809336
-1465741763
-1465849505
-1467624644
-1468245760
-1468362077
-1468565727
-1470533476
-1471583960
-1471755985
-1472435876
-1473728144
-1473789993
-1474240396
-1474485694
-1474705334
-1474717621
-1476700900
-1476852075
-1476872336
-1477233316
-1477359849
-1477455516
-1478116497
-1479498370
-1481201613
-1481882595
-1482200767
-1483164160
-1483572182
-1483711604
-1484811208
-1485618787
-1486126270
-1486225867
-1486709067
-1486742263
-1487695469
-1488133853
-1488456137
-1488744515
-1488789626
-1491923806
-1492221633
-1492222872
-1492237825
-1493171686
-1493344113
-1497011682
-1498724366
-1499126659
-1499146999
-1499215449
-1499804792
-1499895198
-1500715360
-1501408557
-1501574377
-1501650355
-1502459077
-1502534972
-1502833169
-1503208428
-1503387236
-1503535655
-1505229150
-1506010156
-1506236163
-1506342278
-1506428860
-1506824534
-1507942847
-1508584339
-1509466054
-1509797446
-1509979980
-1511363364
-1513576252
-1513587390
-1513813675
-1514251837
-1515234497
-1515396189
-1515743996
-1515940867
-1516523207
-1516896123
-1517136630
-1517844738
-1518172427
-1519050616
-1519329175
-1519584556
-1519947549
-1519963665
-1520021073
-1520481070
-1521063216
-1521690412
-1521984344
-1522304137
-1522727869
-1523719327
-1523721186
-1525138253
-1525389900
-1525581256
-1526020195
-1527193724
-1527858492
-1528002536
-1528017199
-1528037898
-1529607033
-1530102263
-1530537002
-1530812784
-1530854856
-1531204511
-1531407437
-1532088663
-1532208485
-1532221205
-1532508967
-1533897406
-1534345304
-1535641594
-1536597483
-1538208044
-1538273188
-1539449911
-1541188052
-1541274051
-1541482158
-1541755384
-1542225523
-1543111196
-1543458924
-1543978606
-1544160969
-1544484986
-1545543273
-1545707906
-1545956785
-1545967783
-1547536615
-1548315188
-1548482323
-1551605003
-1553732671
-1554176478
-1554555365
-1554799440
-1555080389
-1555107455
-1556177586
-1556472585
-1556751375
-1556792778
-1556928355
-1557296562
-1557655985
-1558431754
-1558480538
-1561345515
-1561718117
-1561762452
-1562741011
-1563282592
-1563370390
-1564195707
-1564642692
-1564765238
-1564922307
-1565744405
-1566166967
-1567687942
-1568013533
-1568363373
-1568720104
-1569045638
-1569229752
-1569489973
-1569969051
-1570706638
-1571440348
-1571710338
-1572844373
-1572851054
-1572984764
-1573015597
-1573358704
-1574950595
-1575093147
-1575391781
-1575668582
-1576000325
-1577575660
-1577784011
-1578191522
-1578310241
-1579329845
-1582440702
-1582572636
-1582703545
-1582715924
-1583388853
-1584422657
-1585072192
-1585282677
-1586190827
-1587089063
-1587802667
-1587861130
-1590007008
-1591101116
-1591217741
-1591245030
-1591303218
-1591502412
-1591552647
-1592083999
-1592531630
-1592798899
-1593017994
-1593591061
-1593843681
-1595530218
-1596312782
-1596367034
-1597068392
-1597407143
-1598203298
-1598791448
-1599427292
-1599713939
-1600069193
-1600163761
-1600278313
-1601986548
-1604018669
-1604135130
-1604602170
-1605440032
-1605566195
-1605640011
-1605989333
-1606008569
-1607511547
-1607628474
-1609366782
-1609974656
-1610185372
-1611004138
-1611405416
-1611953280
-1615032449
-1615578696
-1616188359
-1616589683
-1617284979
-1617672229
-1618560189
-1618893779
-1619803593
-1621133292
-1621857657
-1622686909
-1624713177
-1624737823
-1625559770
-1626958275
-1627050754
-1627087469
-1627389001
-1627411899
-1627577958
-1627667013
-1628897549
-1629200277
-1629621124
-1631101017
-1632130412
-1634543484
-1635119256
-1635976085
-1636592316
-1636941328
-1637180335
-1637202242
-1637937300
-1638442664
-1639482113
-1639563499
-1641275001
-1641644049
-1641989968
-1642742245
-1643233395
-1643750251
-1644040072
-1644780706
-1646321416
-1647656342
-1647781066
-1648224478
-1648275465
-1648409519
-1649152563
-1650423197
-1650768339
-1650812471
-1652597105
-1652949494
-1653384948
-1653915177
-1655206354
-1656443195
-1656621644
-1656707129
-1656779565
-1657000952
-1657245417
-1657436097
-1658792648
-1660094539
-1660236968
-1662713168
-1664142556
-1664419594
-1667328793
-1667636975
-1667979518
-1668454800
-1668774053
-1668877398
-1669237338
-1669897042
-1669994520
-1670088957
-1670122198
-1670259468
-1670352706
-1670863257
-1671028122
-1671036224
-1671169256
-1671255359
-1671507045
-1671615841
-1672388766
-1672755179
-1673511972
-1674731537
-1675113575
-1675118552
-1675434757
-1675943137
-1676650102
-1679137384
-1679548604
-1679841569
-1680618212
-1682331656
-1682899966
-1683361540
-1683707133
-1684485120
-1684486919
-1686153511
-1686553342
-1687544103
-1687772133
-1688774615
-1688791289
-1688843607
-1688872445
-1689591445
-1689857777
-1690734097
-1690774802
-1690941305
-1691884480
-1691891270
-1692028086
-1692352937
-1694046967
-1696804843
-1697152940
-1698911186
-1698991347
-1699516079
-1699610023
-1699946834
-1701433342
-1701617073
-1702413660
-1702471521
-1702994395
-1705179279
-1706048047
-1706358538
-1707301505
-1708237714
-1708383661
-1708433942
-1708753000
-1708881215
-1709511069
-1709762918
-1709804064
-1710604819
-1711029773
-1712010793
-1712185815
-1712995029
-1713652268
-1713770067
-1714369141
-1715246838
-1715358521
-1716048067
-1716920969
-1717161905
-1717189110
-1717666997
-1717705359
-1717858187
-1718333763
-1718409082
-1719569675
-1719754312
-1720733413
-1721087845
-1721316332
-1721681270
-1722402992
-1722924110
-1723242184
-1724916851
-1725447136
-1726763883
-1727650545
-1727907811
-1728053955
-1730616899
-1732113949
-1733734232
-1733940666
-1734083201
-1734422978
-1735823826
-1736975970
-1737111128
-1737309448
-1737517848
-1737971831
-1738120921
-1738165459
-1738757202
-1739340294
-1739802169
-1740159992
-1740458431
-1740748480
-1741246721
-1741651260
-1741733671
-1742261660
-1742430559
-1742852703
-1743768323
-1744041913
-1744206565
-1744256889
-1746537983
-1747522378
-1747772321
-1748077031
-1749857352
-1749879101
-1750033898
-1750463810
-1750542595
-1750715091
-1750827841
-1750937720
-1751930344
-1752109807
-1752229550
-1753016215
-1753763951
-1753897484
-1753927318
-1753933326
-1754979292
-1755308461
-1755570801
-1755713217
-1756361039
-1757487769
-1758227645
-1759138597
-1759657507
-1760081855
-1760098397
-1760392685
-1761029670
-1762489762
-1763641486
-1763675008
-1763742282
-1764185396
-1764408392
-1764452044
-1766109026
-1766621480
-1766940063
-1767065168
-1768069039
-1768439531
-1768844356
-1769151845
-1769282228
-1769423484
-1770152271
-1770679949
-1770934320
-1770979409
-1771311964
-1771461084
-1772534872
-1772725160
-1774348806
-1774572311
-1774871147
-1775501568
-1775549341
-1775836916
-1776250394
-1776530661
-1777508880
-1777757022
-1777938244
-1778787361
-1779401082
-1779522652
-1779759663
-1780622742
-1780727463
-1781010387
-1781592177
-1782972389
-1783064266
-1783218049
-1783299360
-1784093115
-1784325522
-1785194959
-1785521776
-1785950628
-1786128750
-1786831412
-1786856653
-1787361932
-1787378635
-1787616165
-1787877154
-1787975941
-1788172945
-1788515626
-1789046438
-1789382295
-1790133857
-1791716834
-1791831202
-1792221839
-1793778065
-1796169542
-1796228229
-1796300353
-1796617444
-1796891489
-1798888103
-1799302629
-1799460827
-1799776318
-1800867922
-1802393590
-1802921267
-1803591027
-1804816974
-1805730150
-1806290241
-1807144500
-1807871261
-1808545969
-1808929460
-1809078417
-1809807887
-1810325021
-1810871343
-1810909172
-1812634990
-1813933834
-1814948040
-1815296801
-1816050719
-1816360322
-1816619047
-1819349320
-1819666468
-1819673982
-1819889831
-1820761387
-1820970720
-1821587065
-1822450336
-1822551109
-1822839947
-1822871843
-1823197439
-1823198266
-1823309953
-1823950458
-1824125154
-1824239677
-1824690745
-1825407444
-1825892567
-1825892861
-1826858548
-1827641580
-1828055769
-1828594405
-1830079938
-1830484505
-1830757034
-1830861094
-1831787533
-1832612607
-1832732909
-1832888373
-1833133662
-1833608273
-1833736622
-1834213151
-1835319462
-1836209292
-1837408780
-1837485681
-1837795952
-1838099053
-1838391828
-1838646791
-1838791996
-1839283431
-1839310526
-1839690846
-1841040271
-1841877753
-1842204510
-1842581240
-1842712879
-1842773534
-1843229517
-1843766352
-1845083011
-1845735360
-1845740837
-1845977225
-1846029934
-1846917679
-1846942543
-1847525178
-1847774095
-1848763698
-1849275328
-1851180264
-1851599782
-1851814414
-1851928279
-1852016211
-1852310332
-1854042663
-1854320755
-1855114471
-1855175572
-1855213526
-1855276655
-1855376133
-1855795732
-1856397654
-1856883486
-1856974852
-1857115827
-1857238948
-1859066211
-1859185525
-1860601377
-1861357631
-1861890266
-1862130676
-1862487508
-1862554695
-1862708227
-1862893955
-1863136044
-1863827636
-1864562437
-1866729704
-1868008661
-1868257297
-1868325300
-1868665072
-1868804805
-1869900157
-1870035303
-1870705033
-1870765109
-1871438871
-1871791872
-1872038078
-1872220828
-1872312434
-1872819901
-1873558479
-1873981396
-1876179482
-1877005619
-1877784094
-1879601712
-1879746032
-1881402572
-1881915627
-1882111296
-1882203173
-1882622543
-1882688823
-1883680476
-1883766138
-1883795873
-1884168547
-1884367377
-1884486031
-1884717102
-1884727642
-1886540690
-1887182881
-1888151625
-1888405301
-1889575046
-1890038756
-1890139238
-1891077012
-1891431423
-1891984394
-1892486970
-1893294572
-1893564563
-1893851398
-1894474537
-1895280680
-1896475241
-1896705175
-1897584687
-1897869217
-1898010569
-1898327988
-1898890776
-1899479574
-1899729215
-1899986228
-1900548398
-1901070599
-1901288336
-1901467349
-1901495339
-1902390645
-1902779821
-1904021589
-1906647257
-1907169105
-1908180213
-1909637765
-1909751337
-1911263110
-1911486016
-1916335439
-1917120229
-1917955060
-1917984615
-1918633622
-1922320377
-1922440017
-1922727448
-1922791952
-1922949235
-1923203936
-1923332537
-1923731408
-1924047958
-1924272974
-1926085434
-1926167693
-1927226970
-1927430122
-1927856387
-1929310726
-1930042889
-1930943435
-1932659062
-1932985170
-1933225463
-1934082953
-1934448292
-1934760275
-1934874903
-1935701987
-1936577525
-1936773749
-1936918112
-1937004758
-1937909504
-1937920598
-1938649501
-1938944015
-1939437047
-1939993760
-1940371278
-1940399521
-1942062580
-1942476916
-1942504859
-1942671415
-1943367984
-1943391645
-1943882943
-1944193173
-1944214879
-1944654320
-1944751204
-1945870798
-1945969630
-1946211258
-1946882484
-1947676762
-1948555897
-1948590519
-1950215172
-1950531326
-1950560730
-1950899077
-1951031143
-1951112378
-1951490697
-1952120292
-1952371624
-1953624495
-1953653119
-1953664963
-1953674129
-1955173160
-1955998457
-1956129629
-1956148078
-1956303679
-1958242904
-1959573042
-1959631128
-1960097052
-1960386600
-1960623055
-1960754752
-1961122199
-1961424487
-1962377479
-1962418286
-1962769650
-1963332204
-1963747200
-1963909994
-1964009919
-1964396282
-1964479888
-1964696569
-1964902793
-1965078478
-1965497606
-1965884242
-1966713151
-1966925275
-1967855369
-1968323210
-1969460319
-1969824020
-1970075068
-1970642613
-1970976284
-1972703692
-1972766601
-1973461045
-1974604263
-1974700034
-1975395007
-1975612919
-1975783426
-1976375295
-1977094505
-1979948163
-1980126327
-1982085273
-1982895571
-1983515635
-1983545372
-1984069362
-1984380202
-1985000318
-1985006548
-1985645520
-1985890096
-1986189573
-1986205814
-1986857988
-1988388491
-1988676063
-1989034615
-1989846915
-1990494929
-1990535130
-1990921461
-1991380312
-1991445229
-1992096218
-1992462005
-1992533862
-1992971890
-1994682590
-1996217009
-1996535057
-1997108896
-1998483775
-1998543686
-1998640087
-1999277195
-1999505534
-1999631462
-2000073485
-2000096523
-2000567968
-2000730737
-2003002581
-2003086281
-2004558355
-2004597043
-2005535085
-2006428357
-2006725472
-2008574202
-2008793074
-2010749504
-2011560893
-2011784060
-2012311985
-2012344566
-2012861143
-2012969307
-2013814757
-2016117708
-2016191780
-2017313618
-2017477393
-2017697074
-2017838034
-2019347048
-2020046208
-2021772087
-2022107414
-2023494013
-2024910271
-2029537690
-2030178743
-2030563630
-2030933292
-2031436300
-2032302145
-2032304272
-2032317955
-2032512190
-2033257058
-2033634672
-2034374171
-2034413454
-2034787534
-2034818687
-2035183713
-2035851321
-2037123750
-2037254991
-2037619699
-2038294953
-2038685041
-2039225121
-2039564394
-2039744884
-2040610373
-2041618450
-2041720437
-2043698179
-2044023330
-2044273169
-2044661546
-2045530013
-2046148731
-2046601598
-2046900552
-2047271805
-2048118104
-2048222657
-2048968955
-2050102990
-2050155294
-2050562305
-2051787752
-2051895132
-2051971890
-2052299377
-2052538574
-2052625764
-2053233761
-2053598336
-2054541707
-2055321723
-2055489125
-2055633981
-2056352643
-2057036962
-2057361437
-2057639713
-2059653754
-2059976259
-2060709044
-2060835750
-2060869396
-2061020019
-2061895507
-2062396056
-2062942268
-2063335152
-2063585727
-2063759679
-2064215290
-2064309130
-2064465967
-2064598151
-2064902589
-2065157619
-2065527481
-2066102307
-2067986233
-2068071900
-2068375278
-2069245397
-2069400650
-2070444710
-2070642555
-2070749274
-2071155905
-2071340203
-2073101206
-2073245199
-2073580832
-2073930657
-2076226426
-2076332625
-2077006775
-2077107030
-2077454691
-2077481718
-2078113795
-2078913105
-2078992625
-2079574635
-2079748101
-2080667122
-2080857778
-2081081200
-2081188590
-2081408742
-2081601644
-2081757054
-2081954332
-2082350046
-2082742773
-2082928033
-2083311755
-2084179376
-2084428500
-2084727359
-2084775508
-2084924925
-2085327570
-2085452478
-2085912411
-2086016734
-2086447133
-2087967323
-2088273211
-2088436884
-2088736134
-2089443959
-2091269633
-2091287596
-2092535210
-2093729409
-2094509427
-2095153574
-2095471933
-2096173785
-2096885656
-2097175618
-2098745031
-2099238701
-2100875424
-2101884297
-2101966753
-2101988726
-2102097092
-2102260030
-2102543001
-2102759327
-2103194716
-2103934071
-2105019941
-2105267937
-2105723001
-2106326282
-2106362814
-2106375451
-2107963463
-2108061153
-2108112443
-2108145721
-2108644769
-2109395645
-2109549706
-2110006182
-2110261465
-2110495945
-2111723081
-2112431743
-2112493916
-2112543759
-2113165220
-2113520102
-2113679561
-2113945910
-2117424504
-2117451392
-2118749457
-2119105812
-2119924928
-2120757533
-2122236589
-2122995698
-2123252386
-2123710780
-2123843420
-2125177506
-2125234378
-2125348984
-2126219831
-2127097485
-2128018142
-2128761954
-2129493325
-2130514579
-2131721570
-2132644940
-2133045285
-2134030049
-2134168767
-2134365714
-2134644845
-2134795617
-2136657281
-2138265083
-2138571447
-2138758381
-2139575056
-2139719850
-2139886811
-2140297605
-2140584898
-2140642211
-2140799543
-2140916170
-2142786553
-2142829497
-2144780726
-2145426480
-2145620444
-2146350997
-2146463561
-2146514793
-2146528530
-2146732347
