-2135647350
-2132693244
-2132631933
-2122144015
-2094091605
-2092353041
-2090407698
-2066574333
-2056170075
-2055956822
-2040675333
-2031581481
-2031303051
-2030066144
-2018357538
-2015508851
-2014535358
-2010504978
-2007950684
-2003043347
-1961869167
-1961744901
-1956184767
-1955487087
-1949581856
-1944842796
-1939145528
-1923388461
-1917757587
-1907491709
-1882525034
-1879744585
-1867888119
-1860374343
-1859997129
-1849950863
-1844122458
-1833894358
-1823128573
-1798735839
-1796636756
-1783997629
-1782930665
-1778874535
-1777440017
-1761711816
-1751843154
-1729843066
-1729667701
-1722196575
-1712887435
-1705755969
-1704962540
-1701175746
-1671354809
-1670620262
-1668468228
-1653855672
-1644068323
-1631940827
-1629117054
-1601000981
-1599510352
-1566581686
-1566538071
-1551664293
-1547789051
-1540906762
-1531014212
-1513189850
-1497185019
-1494360925
-1488674552
-1487954767
-1486058896
-1484303801
-1467944828
-1451285546
-1439823213
-1415046831
-1409171809
-1395945196
-1384933806
-1384407685
-1378723777
-1376609277
-1372626717
-1361895125
-1354564760
-1352354278
-1350380237
-1344156529
-1333229682
-1325545599
-1307690667
-1305982321
-1303046702
-1287745441
-1283362396
-1264843413
-1254217684
-1250257307
-1244803544
-1236658485
-1233355122
-1216030912
-1207361621
-1186960202
-1181604016
-1171499086
-1170129146
-1168021102
-1159633882
-1155308435
-1150583455
-1149274657
-1141827559
-1128275914
-1125422941
-1111293754
-1107062508
-1104205692
-1063555659
-1058781115
-1053355252
-1053118747
-1050747077
-1046083949
-1024229424
-1020201548
-1018945432
-1004007793
-1000108871
-995613395
-972420940
-966763899
-962110192
-961678801
-960573359
-958545019
-943512596
-926071269
-924404343
-922267362
-898456510
-897030668
-895333879
-874668179
-862189958
-860492192
-851640880
-851488139
-833574364
-831862932
-823911744
-818252310
-806969839
-796812949
-782085191
-780132139
-777259456
-773607525
-769755239
-766059926
-761074997
-757392160
-748948724
-740541143
-734866284
-717052298
-696957763
-688645263
-688015435
-683993468
-678156443
-676442562
-664965964
-652610735
-642419985
-636641899
-635938116
-634341015
-629719355
-628806076
-624192852
-623873609
-614977146
-612733646
-611281060
-601965319
-593657800
-585687058
-584191324
-567275106
-566147771
-564523589
-564187284
-563159303
-561284552
-558380954
-555325831
-552191491
-543405457
-538348021
-536973618
-530229786
-524573172
-524538564
-501904728
-483442553
-474115452
-470348455
-467113213
-438838846
-429563802
-424928953
-424563796
-418493646
-410749325
-410539076
-402232238
-394514272
-386125899
-383698766
-357115598
-350405775
-345461411
-338965756
-330966414
-325504676
-320414173
-288725644
-279298906
-273351220
-263683478
-253152526
-250799734
-250335143
-243456276
-214198762
-192591602
-184296313
-167286113
-161077483
-158777554
-143365427
-139952641
-134007169
-131728665
-114086221
-113664989
-107094411
-91277382
-81961676
-79231378
-57673697
-52144169
-34111732
-31003545
-21664700
-15579547
4557937
6528065
19728851
47470012
63538238
73564499
74103007
74280347
128295084
129487347
141056840
142381223
143828470
147333155
147774682
158849354
165547476
170584863
171907810
206831316
207761378
207860751
221131157
231039060
244849431
246759601
248479433
256898522
258455191
275263622
279049597
287740140
292779745
301124043
319687857
325435829
329550908
335859039
341549362
351424553
353288808
368422963
374541746
380117575
390733604
390833188
405586300
412818943
418420726
439779759
442368589
451346670
459971219
461341766
485740910
489326462
503018863
507587395
509786112
514382871
517351397
523534048
536299645
538765426
540805628
542988516
547842525
550572424
550967363
554597165
556790040
563872619
572491535
583002981
605443526
631612314
640601967
650189616
666609451
679286827
683272611
685298730
708056103
712110891
732366501
758002011
760731971
766089288
774794922
783483287
802750574
816550173
823338762
830863922
838625551
843325912
856387180
861494357
900472998
911640315
914087199
924190665
937444144
937644641
941770342
956556992
961647978
981706395
1009256158
1018520114
1021516005
1024675665
1026236684
1029130819
1029178498
1038716780
1051210681
1067566854
1069276031
1074777015
1084980389
1085169627
1093259081
1098548021
1106438798
1106618721
1119236756
1120050557
1127486997
1134092459
1142290935
1143014423
1143023634
1150727084
1155546655
1178500028
1208734307
1220824877
1235057815
1245513717
1247229735
1249198950
1280108010
1283237505
1285654698
1301821359
1309508938
1313008225
1316036432
1317985271
1326434417
1326650672
1339924116
1356567514
1360079213
1367241235
1372506047
1378831052
1388676103
1393360883
1397361743
1403395307
1411455505
1417451695
1429093574
1458726172
1460161865
1470207765
1475510400
1479097481
1482675700
1485593462
1491728223
1492859387
1493063242
1508830815
1528368927
1535923006
1550876691
1561523558
1574581696
1576642869
1578234959
1583392992
1593597476
1595996507
1599896701
1600995492
1614959419
1617016762
1621379220
1622531689
1623518047
1642030316
1647729445
1651920854
1654766476
1656025719
1666073411
1678285234
1678683775
1679419158
1680642306
1688536320
1690089117
1737185791
1745742845
1747806132
1752974843
1775626630
1780495509
1791172800
1792120928
1797600799
1798255647
1803388184
1804512348
1810049941
1817646268
1820579991
1828793520
1830070154
1832341446
1836378518
1847895133
1857098473
1871651923
1887923671
1900358863
1905878326
1908977367
1914933926
1925856507
1944220634
1947570047
1955801564
1955998331
1962534397
1975920740
1991588115
2003644292
2038614006
2054018272
2069158684
2075177537
2082911366
2088234578
2100758326
2104896337
2125327721
2138898640
