1797600799
1155546655
-624192852
554597165
1836378518
418420726
-320414173
-1729667701
-2007950684
-1653855672
244849431
-860492192
1678285234
774794922
-139952641
1458726172
563872619
256898522
-966763899
-1111293754
-1128275914
-1777440017
-383698766
231039060
509786112
-1303046702
766089288
329550908
-1701175746
287740140
-79231378
1309508938
830863922
-2030066144
-1168021102
-664965964
1038716780
911640315
1830070154
-796812949
-1439823213
685298730
540805628
-114086221
-1250257307
-1254217684
1688536320
1245513717
1925856507
-424928953
-1823128573
-1944842796
-1415046831
956556992
-2010504978
536299645
-1547789051
-566147771
1775626630
1666073411
1508830815
-1751843154
1470207765
961647978
-1955487087
542988516
-1566581686
-898456510
-1378723777
-1798735839
-345461411
1656025719
-777259456
-250335143
-717052298
142381223
1914933926
1142290935
1578234959
1098548021
1752974843
-273351220
-1782930665
-325504676
-536973618
-21664700
-769755239
-614977146
1360079213
1356567514
1690089117
1009256158
1393360883
-143365427
-1233355122
390833188
-683993468
1550876691
-611281060
1372506047
-52144169
-1333229682
-1494360925
1803388184
-897030668
279049597
-524573172
-1631940827
1535923006
-81961676
129487347
550967363
1747806132
572491535
1493063242
141056840
-410749325
-1283362396
1178500028
843325912
489326462
-1859997129
-161077483
1317985271
-438838846
538765426
2054018272
-757392160
73564499
-1307690667
2104896337
-1107062508
-1961744901
-1264843413
-15579547
325435829
143828470
-676442562
380117575
1991588115
-1540906762
-34111732
2038614006
-184296313
-564187284
-1000108871
147333155
1947570047
-895333879
-1488674552
-1287745441
1944220634
-1629117054
-1497185019
-2031303051
1485593462
-1046083949
-629719355
-1704962540
-1170129146
-1484303801
-1384933806
319687857
-1244803544
-107094411
-1149274657
-1207361621
-1186960202
-2015508851
760731971
1417451695
758002011
1621379220
1600995492
1847895133
-634341015
856387180
-330966414
666609451
1280108010
-1778874535
1820579991
1479097481
1482675700
1574581696
1642030316
461341766
2075177537
1326650672
-2090407698
1018520114
412818943
-279298906
-1487954767
-2066574333
-1372626717
1026236684
-1395945196
405586300
-2132631933
-1376609277
1576642869
-761074997
-1053118747
171907810
1247229735
-357115598
-402232238
-552191491
207761378
-818252310
-1486058896
351424553
1955998331
507587395
-1305982321
1678683775
1339924116
207860751
-2014535358
1792120928
1127486997
-1956184767
341549362
-91277382
-926071269
-851640880
-158777554
550572424
937444144
1583392992
-958545019
-1409171809
-696957763
1593597476
1235057815
-1844122458
-410539076
1599896701
-1566538071
583002981
246759601
-131728665
-601965319
1029130819
147774682
1810049941
1143023634
-1867888119
-584191324
-470348455
-1150583455
-243456276
1106618721
1093259081
1388676103
248479433
-593657800
-167286113
-642419985
-1171499086
1804512348
292779745
-113664989
-501904728
1283237505
6528065
1595996507
-2055956822
-2135647350
-1058781115
1887923671
-585687058
2082911366
1285654698
485740910
-874668179
547842525
275263622
1021516005
732366501
605443526
-424563796
2003644292
-1670620262
1492859387
1871651923
-530229786
816550173
1828793520
-563159303
1411455505
1316036432
1791172800
-1467944828
1429093574
-1018945432
-740541143
-2094091605
-1141827559
-1020201548
1617016762
459971219
-1783997629
74103007
823338762
47470012
-386125899
-1849950863
-1796636756
-922267362
-688645263
981706395
-394514272
-1004007793
1780495509
-1350380237
-1053355252
-31003545
-561284552
-1668468228
-1361895125
1249198950
-555325831
679286827
-1104205692
206831316
165547476
-1159633882
1623518047
1857098473
-1879744585
1106438798
-288725644
503018863
861494357
1069276031
517351397
1084980389
-782085191
-214198762
802750574
-558380954
-1644068323
368422963
1085169627
-250799734
-1384407685
-134007169
1051210681
1654766476
1975920740
-1599510352
-1181604016
-1155308435
-806969839
-538348021
-1024229424
1908977367
1074777015
-1833894358
924190665
-474115452
170584863
1737185791
-1949581856
523534048
-851488139
556790040
-1705755969
-2003043347
335859039
390733604
442368589
1561523558
-652610735
-1063555659
1798255647
708056103
1528368927
-1671354809
1220824877
301124043
-1923388461
1475510400
-1939145528
-1882525034
-823911744
-1860374343
-1236658485
221131157
-2031581481
-635938116
-962110192
-467113213
-1761711816
1900358863
-1513189850
451346670
-748948724
-2122144015
-1216030912
-1352354278
-1961869167
1208734307
640601967
1647729445
-1712887435
2125327721
1367241235
-1601000981
353288808
1024675665
-1344156529
712110891
-943512596
-972420940
1614959419
-263683478
-543405457
-2040675333
-567275106
514382871
631612314
-833574364
1955801564
-2092353041
1403395307
1832341446
-1917757587
683272611
-1325545599
2088234578
838625551
-623873609
1905878326
74280347
1962534397
128295084
-253152526
783483287
937644641
1313008225
63538238
-429563802
1067566854
-688015435
1143014423
-734866284
-960573359
4557937
-2132693244
-773607525
1326434417
-678156443
-766059926
1134092459
-780132139
2138898640
914087199
1150727084
-2018357538
-338965756
-524538564
-1907491709
1651920854
158849354
2100758326
1119236756
-57673697
1680642306
-961678801
-483442553
439779759
-192591602
-924404343
1397361743
-564523589
-350405775
-1531014212
-1354564760
374541746
-612733646
1622531689
1491728223
-831862932
-1729843066
1301821359
258455191
-1125422941
-995613395
1817646268
1460161865
-1722196575
2069158684
-2056170075
1378831052
-1050747077
-1551664293
-862189958
1679419158
1745742845
650189616
-636641899
1029178498
900472998
1120050557
-418493646
19728851
-1451285546
941770342
-628806076
