2138898640
2125327721
2104896337
2100758326
2088234578
2082911366
2075177537
2069158684
2054018272
2038614006
2003644292
1991588115
1975920740
1962534397
1955998331
1955801564
1947570047
1944220634
1925856507
1914933926
1908977367
1905878326
1900358863
1887923671
1871651923
1857098473
1847895133
1836378518
1832341446
1830070154
1828793520
1820579991
1817646268
1810049941
1804512348
1803388184
1798255647
1797600799
1792120928
1791172800
1780495509
1775626630
1752974843
1747806132
1745742845
1737185791
1690089117
1688536320
1680642306
1679419158
1678683775
1678285234
1666073411
1656025719
1654766476
1651920854
1647729445
1642030316
1623518047
1622531689
1621379220
1617016762
1614959419
1600995492
1599896701
1595996507
1593597476
1583392992
1578234959
1576642869
1574581696
1561523558
1550876691
1535923006
1528368927
1508830815
1493063242
1492859387
1491728223
1485593462
1482675700
1479097481
1475510400
1470207765
1460161865
1458726172
1429093574
1417451695
1411455505
1403395307
1397361743
1393360883
1388676103
1378831052
1372506047
1367241235
1360079213
1356567514
1339924116
1326650672
1326434417
1317985271
1316036432
1313008225
1309508938
1301821359
1285654698
1283237505
1280108010
1249198950
1247229735
1245513717
1235057815
1220824877
1208734307
1178500028
1155546655
1150727084
1143023634
1143014423
1142290935
1134092459
1127486997
1120050557
1119236756
1106618721
1106438798
1098548021
1093259081
1085169627
1084980389
1074777015
1069276031
1067566854
1051210681
1038716780
1029178498
1029130819
1026236684
1024675665
1021516005
1018520114
1009256158
981706395
961647978
956556992
941770342
937644641
937444144
924190665
914087199
911640315
900472998
861494357
856387180
843325912
838625551
830863922
823338762
816550173
802750574
783483287
774794922
766089288
760731971
758002011
732366501
712110891
708056103
685298730
683272611
679286827
666609451
650189616
640601967
631612314
605443526
583002981
572491535
563872619
556790040
554597165
550967363
550572424
547842525
542988516
540805628
538765426
536299645
523534048
517351397
514382871
509786112
507587395
503018863
489326462
485740910
461341766
459971219
451346670
442368589
439779759
418420726
412818943
405586300
390833188
390733604
380117575
374541746
368422963
353288808
351424553
341549362
335859039
329550908
325435829
319687857
301124043
292779745
287740140
279049597
275263622
258455191
256898522
248479433
246759601
244849431
231039060
221131157
207860751
207761378
206831316
171907810
170584863
165547476
158849354
147774682
147333155
143828470
142381223
141056840
129487347
128295084
74280347
74103007
73564499
63538238
47470012
19728851
6528065
4557937
-15579547
-21664700
-31003545
-34111732
-52144169
-57673697
-79231378
-81961676
-91277382
-107094411
-113664989
-114086221
-131728665
-134007169
-139952641
-143365427
-158777554
-161077483
-167286113
-184296313
-192591602
-214198762
-243456276
-250335143
-250799734
-253152526
-263683478
-273351220
-279298906
-288725644
-320414173
-325504676
-330966414
-338965756
-345461411
-350405775
-357115598
-383698766
-386125899
-394514272
-402232238
-410539076
-410749325
-418493646
-424563796
-424928953
-429563802
-438838846
-467113213
-470348455
-474115452
-483442553
-501904728
-524538564
-524573172
-530229786
-536973618
-538348021
-543405457
-552191491
-555325831
-558380954
-561284552
-563159303
-564187284
-564523589
-566147771
-567275106
-584191324
-585687058
-593657800
-601965319
-611281060
-612733646
-614977146
-623873609
-624192852
-628806076
-629719355
-634341015
-635938116
-636641899
-642419985
-652610735
-664965964
-676442562
-678156443
-683993468
-688015435
-688645263
-696957763
-717052298
-734866284
-740541143
-748948724
-757392160
-761074997
-766059926
-769755239
-773607525
-777259456
-780132139
-782085191
-796812949
-806969839
-818252310
-823911744
-831862932
-833574364
-851488139
-851640880
-860492192
-862189958
-874668179
-895333879
-897030668
-898456510
-922267362
-924404343
-926071269
-943512596
-958545019
-960573359
-961678801
-962110192
-966763899
-972420940
-995613395
-1000108871
-1004007793
-1018945432
-1020201548
-1024229424
-1046083949
-1050747077
-1053118747
-1053355252
-1058781115
-1063555659
-1104205692
-1107062508
-1111293754
-1125422941
-1128275914
-1141827559
-1149274657
-1150583455
-1155308435
-1159633882
-1168021102
-1170129146
-1171499086
-1181604016
-1186960202
-1207361621
-1216030912
-1233355122
-1236658485
-1244803544
-1250257307
-1254217684
-1264843413
-1283362396
-1287745441
-1303046702
-1305982321
-1307690667
-1325545599
-1333229682
-1344156529
-1350380237
-1352354278
-1354564760
-1361895125
-1372626717
-1376609277
-1378723777
-1384407685
-1384933806
-1395945196
-1409171809
-1415046831
-1439823213
-1451285546
-1467944828
-1484303801
-1486058896
-1487954767
-1488674552
-1494360925
-1497185019
-1513189850
-1531014212
-1540906762
-1547789051
-1551664293
-1566538071
-1566581686
-1599510352
-1601000981
-1629117054
-1631940827
-1644068323
-1653855672
-1668468228
-1670620262
-1671354809
-1701175746
-1704962540
-1705755969
-1712887435
-1722196575
-1729667701
-1729843066
-1751843154
-1761711816
-1777440017
-1778874535
-1782930665
-1783997629
-1796636756
-1798735839
-1823128573
-1833894358
-1844122458
-1849950863
-1859997129
-1860374343
-1867888119
-1879744585
-1882525034
-1907491709
-1917757587
-1923388461
-1939145528
-1944842796
-1949581856
-1955487087
-1956184767
-1961744901
-1961869167
-2003043347
-2007950684
-2010504978
-2014535358
-2015508851
-2018357538
-2030066144
-2031303051
-2031581481
-2040675333
-2055956822
-2056170075
-2066574333
-2090407698
-2092353041
-2094091605
-2122144015
-2132631933
-2132693244
-2135647350
